2	2
2.09443	2.0329


2.09443	2.0329
2.14916	2.1166


2.14916	2.1166
2.22295	2.18409


2.22295	2.18409
2.29795	2.25024


2.29795	2.25024
2.33344	2.34373


2.33344	2.34373
2.3663	2.43817


2.3663	2.43817
2.44627	2.49822


2.44627	2.49822
2.5296	2.5535


2.5296	2.5535
2.59143	2.63209


2.59143	2.63209
2.53288	2.71316


2.53288	2.71316
2.59866	2.78847


2	2
1.92788	1.93073


2.59866	2.78847
2.62936	2.88365


2.62936	2.88365
2.69358	2.9603


2.69358	2.9603
2.76771	3.02741


2.76771	3.02741
2.82408	3.11001


2.82408	3.11001
2.88458	3.18964


2.88458	3.18964
2.9546	3.26103


2.9546	3.26103
3.02293	3.33404


3.02293	3.33404
3.12293	3.33357


3.12293	3.33357
3.22192	3.34772


3.22192	3.34772
3.32187	3.34454


3.32187	3.34454
3.33901	3.44306


3.33901	3.44306
3.42513	3.49387


3.42513	3.49387
3.47979	3.57761


3.47979	3.57761
3.55204	3.64675


3.55204	3.64675
3.60702	3.73028


3.60702	3.73028
3.67501	3.80361


3.67501	3.80361
3.68267	3.90331


3.68267	3.90331
3.67864	4.00323


3.67501	3.80361
3.77312	3.78425


3.67864	4.00323
3.66846	4.10271


3.77312	3.78425
3.87253	3.77342


3.66846	4.10271
3.7474	4.1641


3.7474	4.1641
3.82409	4.22828


3.82409	4.22828
3.82809	4.3282


3.82809	4.3282
3.90356	4.39381


3.90356	4.39381
3.99101	4.4423


2.59143	2.63209
2.67207	2.57295


3.99101	4.4423
3.99497	4.54223


3.99497	4.54223
3.96295	4.63696


3.96295	4.63696
3.95089	4.73623


3.95089	4.73623
4.02966	4.79784


4.02966	4.79784
4.09519	4.87337


4.09519	4.87337
4.15848	4.95079


4.15848	4.95079
4.22245	5.02766


4.22245	5.02766
4.30437	5.08502


4.30437	5.08502
4.37847	5.15217


4.37847	5.15217
4.36007	5.25046


4.36007	5.25046
4.43054	5.32141


3.87253	3.77342
3.96293	3.73067


4.43054	5.32141
4.51629	5.37286


4.51629	5.37286
4.6134	5.34897


3.95089	4.73623
3.86177	4.7816


4.6134	5.34897
4.68985	5.41343


4.68985	5.41343
4.77643	5.46347


4.77643	5.46347
4.86995	5.49888


4.86995	5.49888
4.95261	5.55515


4.95261	5.55515
5.0196	5.6294


5.0196	5.6294
5.04353	5.72649


3.96293	3.73067
4.04958	3.68075


4.43054	5.32141
4.36239	5.39458


5.04353	5.72649
5.11848	5.79269


4.04958	3.68075
4.14846	3.66578


5.11848	5.79269
5.19424	5.85796


5.19424	5.85796
5.21006	5.9567


5.19424	5.85796
5.27861	5.80427


5.21006	5.9567
5.21352	6.05664


5.21352	6.05664
5.27836	6.13277


5.27836	6.13277
5.37193	6.16805


2.14916	2.1166
2.0798	2.18863


5.37193	6.16805
5.46903	6.14411


5.46903	6.14411
5.53506	6.21921


3.86177	4.7816
3.7688	4.81842


5.53506	6.21921
5.60762	6.28802


5.60762	6.28802
5.57875	6.38376


5.57875	6.38376
5.65077	6.45314


5.65077	6.45314
5.65316	6.55311


5.60762	6.28802
5.69103	6.23285


5.65316	6.55311
5.72577	6.62186


5.72577	6.62186
5.79404	6.69494


5.79404	6.69494
5.8681	6.76213


5.8681	6.76213
5.85717	6.86153


5.85717	6.86153
5.92375	6.93615


5.92375	6.93615
5.98478	7.01537


5.98478	7.01537
6.08079	6.98742


6.08079	6.98742
6.13003	7.07445


4.95261	5.55515
5.00964	5.473


6.13003	7.07445
6.20998	7.13453


6.20998	7.13453
6.26674	7.21686


6.26674	7.21686
6.28053	7.3159


6.26674	7.21686
6.36543	7.20073


6.36543	7.20073
6.45184	7.1504


3.7688	4.81842
3.70632	4.8965


6.28053	7.3159
6.32015	7.40772


6.32015	7.40772
6.37995	7.48787


5.46903	6.14411
5.55518	6.09334


6.45184	7.1504
6.55171	7.14524


6.37995	7.48787
6.34918	7.58301


6.34918	7.58301
6.40648	7.66497


6.34918	7.58301
6.24923	7.58628


6.40648	7.66497
6.49132	7.7179


6.49132	7.7179
6.56983	7.77984


6.56983	7.77984
6.62887	7.86055


6.24923	7.58628
6.17599	7.65436


6.62887	7.86055
6.72746	7.8773


6.62887	7.86055
6.59623	7.95507


6.59623	7.95507
6.58654	8.0546


6.55171	7.14524
6.64519	7.10974


6.72746	7.8773
6.80562	7.93967


6.64519	7.10974
6.73892	7.07488


6.73892	7.07488
6.81806	7.01375


6.80562	7.93967
6.88331	8.00263


6.58654	8.0546
6.59302	8.15439


6.81806	7.01375
6.91152	6.97817


6.91152	6.97817
6.98886	6.91478


6.88331	8.00263
6.98307	8.00956


6.59302	8.15439
6.55008	8.2447


6.55008	8.2447
6.48575	8.32127


6.48575	8.32127
6.46112	8.41819


6.46112	8.41819
6.51401	8.50305


6.51401	8.50305
6.49941	8.60198


6.98307	8.00956
7.07629	8.04576


7.07629	8.04576
7.14826	8.11519


6.49941	8.60198
6.57555	8.6668


7.14826	8.11519
7.24759	8.1036


7.24759	8.1036
7.34052	8.14054


2.9546	3.26103
2.8819	3.32969


7.34052	8.14054
7.40356	8.21816


6.49941	8.60198
6.41468	8.65509


4.36239	5.39458
4.29877	5.47174


6.41468	8.65509
6.39148	8.75237


6.39148	8.75237
6.35188	8.84419


7.40356	8.21816
7.46741	8.29512


6.35188	8.84419
6.34146	8.94365


7.46741	8.29512
7.55556	8.34234


6.34146	8.94365
6.32799	9.04274


7.55556	8.34234
7.63728	8.39998


6.32799	9.04274
6.32111	9.1425


6.32111	9.1425
6.2249	9.16977


6.2249	9.16977
6.14225	9.22606


6.14225	9.22606
6.04274	9.23594


6.04274	9.23594
6.04718	9.33584


6.04718	9.33584
5.94762	9.34527


6.04274	9.23594
5.97204	9.16523


5.00964	5.473
5.0825	5.40451


5.94762	9.34527
5.89473	9.43013


5.89473	9.43013
5.8124	9.4869


3.70632	4.8965
3.64403	4.97473


7.63728	8.39998
7.73344	8.37252


7.73344	8.37252
7.82889	8.3427


7.82889	8.3427
7.91298	8.28858


7.91298	8.28858
8.00977	8.26348


4.14846	3.66578
4.19527	3.57741


8.00977	8.26348
8.10937	8.2545


8.10937	8.2545
8.18176	8.32349


5.8124	9.4869
5.80167	9.58632


5.80167	9.58632
5.71167	9.62992


3.64403	4.97473
3.58158	5.05283


2.8819	3.32969
2.78975	3.36853


5.71167	9.62992
5.72408	9.72915


8.18176	8.32349
8.26406	8.26668


5.72408	9.72915
5.64328	9.78807


5.64328	9.78807
5.65639	9.8872


8.26406	8.26668
8.36195	8.24627


5.65639	9.8872
5.68132	9.98405


5.68132	9.98405
5.59921	10.0411


8.36195	8.24627
8.44558	8.30111


8.44558	8.30111
8.52396	8.3632


8.52396	8.3632
8.60452	8.42245


8.60452	8.42245
8.66993	8.49809


8.66993	8.49809
8.75921	8.54313


4.19527	3.57741
4.20696	3.4781


5.59921	10.0411
5.50126	10.0613


8.75921	8.54313
8.8549	8.57218


5.68132	9.98405
5.75399	10.0527


8.8549	8.57218
8.94835	8.60778


5.97204	9.16523
5.8721	9.16882


8.94835	8.60778
9.00644	8.52638


5.50126	10.0613
5.41916	10.1184


9.00644	8.52638
9.10537	8.54094


9.10537	8.54094
9.17115	8.46561


9.10537	8.54094
9.18041	8.60704


5.27836	6.13277
5.20808	6.2039


4.29877	5.47174
4.24566	5.55647


9.18041	8.60704
9.19057	8.70652


5.75399	10.0527
5.82057	10.1274


1.92788	1.93073
1.92264	1.83086


5.41916	10.1184
5.31975	10.1293


9.19057	8.70652
9.23611	8.79555


9.23611	8.79555
9.3077	8.86537


9.3077	8.86537
9.40174	8.83135


9.3077	8.86537
9.25383	8.94962


6.32111	9.1425
6.39219	9.21284


5.31975	10.1293
5.27993	10.221


9.40174	8.83135
9.47495	8.89947


9.47495	8.89947
9.55948	8.9529


5.27993	10.221
5.20717	10.2896


6.17599	7.65436
6.07995	7.68223


9.55948	8.9529
9.65347	8.91878


9.65347	8.91878
9.7401	8.86883


9.7401	8.86883
9.82081	8.80978


5.20717	10.2896
5.18195	10.3864


9.82081	8.80978
9.90817	8.85843


9.90817	8.85843
9.99321	8.91104


9.99321	8.91104
10.0645	8.84093


1.92788	1.93073
1.83785	1.97425


9.99321	8.91104
10.0592	8.98615


1.83785	1.97425
1.74253	1.94401


10.0645	8.84093
10.1326	8.76769


5.31975	10.1293
5.22131	10.1117


10.1326	8.76769
10.2312	8.7507


1.74253	1.94401
1.71396	2.03985


10.0592	8.98615
10.1356	9.05075


10.1356	9.05075
10.1967	9.12986


10.1967	9.12986
10.276	9.19077


10.276	9.19077
10.3396	9.26795


10.3396	9.26795
10.4056	9.34314


10.4056	9.34314
10.4616	9.42593


10.2312	8.7507
10.2942	8.67305


1.71396	2.03985
1.66281	2.12577


5.18195	10.3864
5.21679	10.4801


5.21679	10.4801
5.23425	10.5786


10.4616	9.42593
10.4158	9.51478


10.4158	9.51478
10.4947	9.57612


10.4947	9.57612
10.5872	9.61423


5.23425	10.5786
5.1374	10.6035


10.5872	9.61423
10.6428	9.69733


10.6428	9.69733
10.7261	9.75272


10.2942	8.67305
10.3783	8.61903


6.07995	7.68223
6.00118	7.74383


10.7261	9.75272
10.8245	9.73509


10.3783	8.61903
10.4564	8.55653


10.4564	8.55653
10.5168	8.47684


5.1374	10.6035
5.15692	10.7016


5.1374	10.6035
5.03742	10.6054


6.72746	7.8773
6.74813	7.77946


5.15692	10.7016
5.17585	10.7998


10.8245	9.73509
10.8845	9.81508


4.20696	3.4781
4.22328	3.37944


5.82057	10.1274
5.87949	10.2082


5.71167	9.62992
5.6318	9.56975


10.8845	9.81508
10.936	9.90084


10.5168	8.47684
10.597	8.41716


10.936	9.90084
11.036	9.89941


9.25383	8.94962
9.21642	9.04236


5.17585	10.7998
5.13787	10.8923


10.597	8.41716
10.6464	8.33017


10.6464	8.33017
10.746	8.3216


11.036	9.89941
11.0827	9.98782


11.0827	9.98782
11.1714	10.034


5.13787	10.8923
5.18267	10.9817


10.746	8.3216
10.8371	8.28036


10.8371	8.28036
10.8831	8.19158


10.8831	8.19158
10.9517	8.11879


11.1714	10.034
11.245	10.1017


5.03742	10.6054
4.94729	10.5621


11.245	10.1017
11.3369	10.1411


10.9517	8.11879
11.0417	8.07524


2.29795	2.25024
2.38899	2.20887


11.3369	10.1411
11.4111	10.2082


11.4111	10.2082
11.4676	10.2907


2.38899	2.20887
2.46995	2.15018


11.4676	10.2907
11.4555	10.3899


5.55518	6.09334
5.56102	5.99351


11.4555	10.3899
11.5221	10.4646


11.5221	10.4646
11.4536	10.5375


11.0417	8.07524
11.139	8.05191


4.22328	3.37944
4.32217	3.36459


11.139	8.05191
11.2292	8.00876


5.18267	10.9817
5.22118	11.074


5.22118	11.074
5.22581	11.1739


11.4111	10.2082
11.493	10.1509


11.2292	8.00876
11.3288	8.01673


5.22581	11.1739
5.2358	11.2734


3.58158	5.05283
3.4842	5.07559


11.5221	10.4646
11.6215	10.4541


11.6215	10.4541
11.7149	10.4183


6.39219	9.21284
6.45836	9.28782


11.4536	10.5375
11.4864	10.6319


11.4864	10.6319
11.5063	10.7299


11.5063	10.7299
11.5302	10.827


3.4842	5.07559
3.38536	5.09072


11.5302	10.827
11.5762	10.9159


5.6318	9.56975
5.55736	9.50298


11.5762	10.9159
11.6699	10.9506


4.94729	10.5621
4.85152	10.5909


11.6699	10.9506
11.7032	11.0449


11.7032	11.0449
11.785	11.1024


5.8721	9.16882
5.84577	9.07235


1.66281	2.12577
1.57326	2.08126


5.87949	10.2082
5.9784	10.1934


11.5063	10.7299
11.4096	10.7555


5.2358	11.2734
5.14601	11.3174


3.38536	5.09072
3.30325	5.1478


5.97204	9.16523
5.98726	9.06639


5.14601	11.3174
5.11633	11.4129


5.11633	11.4129
5.14285	11.5093


4.32217	3.36459
4.41693	3.39655


3.30325	5.1478
3.2035	5.15487


5.14285	11.5093
5.19068	11.5971


5.19068	11.5971
5.19432	11.697


5.55736	9.50298
5.4626	9.47103


11.785	11.1024
11.8394	11.1864


11.8394	11.1864
11.8637	11.2834


11.8637	11.2834
11.909	11.3725


1.92264	1.83086
1.91665	1.73104


6.37995	7.48787
6.44492	7.41185


5.19432	11.697
5.16795	11.7935


7.91298	8.28858
7.94514	8.38326


11.909	11.3725
12.009	11.3741


6.00118	7.74383
5.91412	7.79303


5.16795	11.7935
5.19348	11.8902


5.19348	11.8902
5.20658	11.9893


12.009	11.3741
12.0954	11.4244


5.20658	11.9893
5.21492	12.089


12.0954	11.4244
12.1932	11.4453


4.32217	3.36459
4.33407	3.2653


3.2035	5.15487
3.1143	5.10967


5.21492	12.089
5.23241	12.1874


12.1932	11.4453
12.2931	11.4503


4.33407	3.2653
4.39665	3.18731


11.8637	11.2834
11.7762	11.3318


4.85152	10.5909
4.75153	10.5919


5.23241	12.1874
5.24179	12.287


12.2931	11.4503
12.3226	11.5458


4.75153	10.5919
4.65207	10.5815


12.3226	11.5458
12.3513	11.6416


12.3513	11.6416
12.4294	11.704


5.24179	12.287
5.21532	12.3834


5.9784	10.1934
6.07502	10.2192


2.78975	3.36853
2.70582	3.4229


4.41693	3.39655
4.51636	3.40717


12.4294	11.704
12.4765	11.7923


12.4765	11.7923
12.5476	11.8626


12.5476	11.8626
12.564	11.9613


11.3288	8.01673
11.4288	8.01859


5.21532	12.3834
5.11539	12.387


5.11539	12.387
5.0829	12.4816


4.51636	3.40717
4.61623	3.41238


12.564	11.9613
12.581	12.0598


12.5476	11.8626
12.6323	11.8095


5.0829	12.4816
5.10674	12.5787


4.65207	10.5815
4.55367	10.5993


10.8371	8.28036
10.9119	8.34667


12.581	12.0598
12.6238	12.1502


12.6238	12.1502
12.7194	12.1797


12.581	12.0598
12.4843	12.0851


5.10674	12.5787
5.13141	12.6756


5.20808	6.2039
5.1357	6.2729


11.4288	8.01859
11.515	8.06929


12.6323	11.8095
12.7317	11.7978


6.35188	8.84419
6.2536	8.82576


12.7194	12.1797
12.7751	12.2627


2.70582	3.4229
2.60584	3.42481


5.91412	7.79303
5.81538	7.80884


12.7751	12.2627
12.8517	12.327


9.82081	8.80978
9.82234	8.70979


5.4626	9.47103
5.42039	9.38037


12.8517	12.327
12.9133	12.4058


11.515	8.06929
11.6047	8.02508


12.9133	12.4058
12.9633	12.4924


12.9633	12.4924
12.9774	12.5914


4.55367	10.5993
4.49071	10.5216


12.9774	12.5914
13.0732	12.62


13.0732	12.62
13.1273	12.7042


3.1143	5.10967
3.0392	5.17571


13.1273	12.7042
13.2182	12.7458


3.0392	5.17571
2.94559	5.21088


13.2182	12.7458
13.2809	12.8237


4.22328	3.37944
4.14359	3.31902


13.2809	12.8237
13.2761	12.9236


8.66993	8.49809
8.61355	8.58069


6.07502	10.2192
6.16954	10.2518


5.13141	12.6756
5.14834	12.7741


5.14834	12.7741
5.17186	12.8713


12.7317	11.7978
12.7991	11.724


2.94559	5.21088
2.93309	5.3101


13.2761	12.9236
13.3531	12.9874


5.17186	12.8713
5.16952	12.9713


4.61623	3.41238
4.70351	3.36358


11.6047	8.02508
11.7045	8.01856


6.16954	10.2518
6.25283	10.3071


5.16952	12.9713
5.15756	13.0706


4.49071	10.5216
4.39331	10.499


5.42039	9.38037
5.34047	9.32027


5.0829	12.4816
4.98295	12.4848


3.67864	4.00323
3.77722	3.98646


10.4564	8.55653
10.5275	8.62685


5.15756	13.0706
5.11901	13.1629


13.3531	12.9874
13.3865	13.0816


13.3865	13.0816
13.4169	13.1769


5.16795	11.7935
5.06907	11.8084


13.4169	13.1769
13.5162	13.1888


12.7991	11.724
12.8785	11.6632


11.7045	8.01856
11.8045	8.01977


5.11901	13.1629
5.15356	13.2567


13.5162	13.1888
13.5195	13.2887


13.5195	13.2887
13.5267	13.3885


4.39331	10.499
4.29336	10.4959


5.15356	13.2567
5.21257	13.3374


4.39665	3.18731
4.44633	3.10052


12.8785	11.6632
12.9227	11.5735


12.3226	11.5458
12.4118	11.5006


2.93309	5.3101
2.89176	5.40116


4.44633	3.10052
4.3771	3.02835


5.21257	13.3374
5.22778	13.4363


11.8045	8.01977
11.904	8.00963


13.5267	13.3885
13.5782	13.4742


13.5782	13.4742
13.6075	13.5698


5.22778	13.4363
5.26902	13.5274


13.6075	13.5698
13.7075	13.5696


6.25283	10.3071
6.22891	10.4042


5.26902	13.5274
5.31723	13.615


13.7075	13.5696
13.7803	13.6382


13.7803	13.6382
13.8119	13.7331


11.904	8.00963
12.0035	8.01905


5.82057	10.1274
5.86939	10.0401


12.0035	8.01905
12.0264	7.9217


2.94559	5.21088
2.84766	5.19066


5.31723	13.615
5.32716	13.7145


13.8119	13.7331
13.8631	13.819


4.70351	3.36358
4.76062	3.28149


11.7762	11.3318
11.7131	11.4093


12.0264	7.9217
12.1023	7.85667


13.8631	13.819
13.884	13.9168


12.1023	7.85667
12.2006	7.87536


4.29336	10.4959
4.19568	10.4745


5.32716	13.7145
5.38665	13.7949


13.884	13.9168
13.984	13.9147


5.41916	10.1184
5.32309	10.0906


12.2006	7.87536
12.2313	7.78019


13.984	13.9147
14.0587	13.9813


14.0587	13.9813
14.1586	13.9772


12.2313	7.78019
12.294	7.70227


12.294	7.70227
12.3798	7.65101


14.1586	13.9772
14.2297	14.0475


5.81538	7.80884
5.8382	7.9062


12.3798	7.65101
12.3627	7.55248


12.9227	11.5735
13.0123	11.529


11.7131	11.4093
11.6243	11.4554


14.2297	14.0475
14.262	14.1422


5.0825	5.40451
5.17262	5.36116


12.3627	7.55248
12.4329	7.4812


14.262	14.1422
14.36	14.1617


14.36	14.1617
14.4035	14.2517


2.84766	5.19066
2.74928	5.17271


14.4035	14.2517
14.5021	14.2684


12.4329	7.4812
12.5116	7.41954


11.6243	11.4554
11.5249	11.4659


5.21532	12.3834
5.31191	12.4093


5.1357	6.2729
5.0362	6.26286


5.38665	13.7949
5.40624	13.8929


4.98295	12.4848
4.89158	12.5254


5.40624	13.8929
5.38249	13.9901


12.5116	7.41954
12.5547	7.32932


12.5547	7.32932
12.6528	7.34901


14.5021	14.2684
14.564	14.3469


5.38249	13.9901
5.32295	14.0704


5.32295	14.0704
5.26842	14.1542


12.5547	7.32932
12.568	7.2302


5.31191	12.4093
5.41135	12.4198


4.19568	10.4745
4.10163	10.4405


5.2358	11.2734
5.32907	11.3094


2.60584	3.42481
2.50587	3.42754


5.26842	14.1542
5.22789	14.2457


12.6528	7.34901
12.751	7.33


14.564	14.3469
14.664	14.3495


2.74928	5.17271
2.65101	5.19121


2.65101	5.19121
2.56888	5.13415


12.751	7.33
12.8207	7.25833


2.89176	5.40116
2.88276	5.50075


4.10163	10.4405
4.02085	10.3816


12.8207	7.25833
12.9147	7.22422


12.9147	7.22422
13.0069	7.18546


14.664	14.3495
14.6953	14.4445


14.6953	14.4445
14.7313	14.5377


4.3771	3.02835
4.39943	2.93088


6.25283	10.3071
6.35231	10.2969


14.7313	14.5377
14.8275	14.5652


5.22789	14.2457
5.18632	14.3366


13.0069	7.18546
13.0479	7.09424


11.493	10.1509
11.5856	10.1886


14.8275	14.5652
14.9225	14.5965


5.85717	6.86153
5.77359	6.91643


14.9225	14.5965
15.0144	14.6359


5.34047	9.32027
5.25187	9.2739


5.18632	14.3366
5.21004	14.4338


13.0479	7.09424
13.0648	6.99569


13.0648	6.99569
13.1572	6.95756


1.66281	2.12577
1.61308	2.21253


13.1572	6.95756
13.2323	6.89145


14.664	14.3495
14.7197	14.2664


13.2323	6.89145
13.3162	6.94573


4.76062	3.28149
4.83055	3.21001


5.21004	14.4338
5.24757	14.5264


2.88276	5.50075
2.81083	5.57023


4.02085	10.3816
3.95049	10.4527


15.0144	14.6359
15.0633	14.7231


15.0633	14.7231
15.1162	14.8079


5.24757	14.5264
5.19238	14.6098


15.1162	14.8079
15.1227	14.9077


6.45836	9.28782
6.55498	9.3136


5.19238	14.6098
5.21678	14.7068


5.40624	13.8929
5.50586	13.9016


12.568	7.2302
12.5444	7.13301


15.1162	14.8079
15.216	14.8014


8.61355	8.58069
8.61993	8.68048


13.0123	11.529
13.072	11.4488


4.89158	12.5254
4.79634	12.5559


15.216	14.8014
15.3151	14.7875


4.83055	3.21001
4.88554	3.12648


13.2323	6.89145
13.2315	6.79145


15.3151	14.7875
15.3801	14.8635


15.3801	14.8635
15.4473	14.9375


4.88554	3.12648
4.98218	3.15218


10.6428	9.69733
10.5783	9.77371


13.2315	6.79145
13.2954	6.71455


15.4473	14.9375
15.4877	15.029


14.1586	13.9772
14.211	13.892


5.17262	5.36116
5.2352	5.28316


5.50586	13.9016
5.60492	13.9153


15.4877	15.029
15.4637	15.1261


1.91665	1.73104
1.99067	1.66381


13.2954	6.71455
13.3607	6.63879


13.3607	6.63879
13.46	6.62718


5.21678	14.7068
5.23474	14.8052


3.95049	10.4527
3.86967	10.5116


13.46	6.62718
13.4749	6.52829


14.7197	14.2664
14.7741	14.1826


13.4749	6.52829
13.5666	6.48834


13.5666	6.48834
13.6664	6.48161


5.23474	14.8052
5.16242	14.8743


5.16242	14.8743
5.20975	14.9623


2.50587	3.42754
2.47253	3.52181


2.47253	3.52181
2.37325	3.53378


13.6664	6.48161
13.7094	6.39131


15.4637	15.1261
15.437	15.2225


13.7094	6.39131
13.7975	6.34407


13.072	11.4488
13.1023	11.3535


5.20975	14.9623
5.29014	15.0218


15.437	15.2225
15.4822	15.3117


13.7975	6.34407
13.8466	6.25694


15.4877	15.029
15.5875	15.022


2.88276	5.50075
2.86752	5.40192


12.9774	12.5914
12.8977	12.6517


5.31723	13.615
5.41203	13.5831


13.8466	6.25694
13.8931	6.16841


13.1023	11.3535
13.1525	11.267


13.1525	11.267
13.1866	11.173


15.4822	15.3117
15.5408	15.3927


13.8931	6.16841
13.9884	6.1382


3.86967	10.5116
3.78495	10.5647


14.7741	14.1826
14.8263	14.0972


5.0362	6.26286
4.96885	6.33678


13.9884	6.1382
14.0615	6.06997


5.20975	14.9623
5.15011	15.0426


6.22891	10.4042
6.29728	10.4772


5.15011	15.0426
5.0781	15.112


2.81083	5.57023
2.84686	5.66351


4.98218	3.15218
5.07947	3.12906


11.5762	10.9159
11.4779	10.9341


15.5408	15.3927
15.6097	15.4652


15.6097	15.4652
15.7039	15.4988


5.0781	15.112
5.08038	15.212


5.08038	15.212
5.08465	15.3119


9.47495	8.89947
9.51739	8.99002


5.69103	6.23285
5.78442	6.1971


5.08465	15.3119
5.09091	15.4117


15.7039	15.4988
15.703	15.5988


13.8931	6.16841
13.8266	6.09371


15.703	15.5988
15.7817	15.6606


15.7817	15.6606
15.8584	15.7246


5.87949	10.2082
5.85517	10.3052


15.8584	15.7246
15.9583	15.7199


14.0615	6.06997
14.1592	6.04839


13.1866	11.173
13.2317	11.0838


15.8584	15.7246
15.8116	15.813


14.1592	6.04839
14.1876	5.95252


5.09091	15.4117
5.09799	15.5114


14.1876	5.95252
14.273	5.90045


15.8116	15.813
15.8558	15.9026


14.273	5.90045
14.2511	5.80286


5.16952	12.9713
5.26939	12.9663


3.78495	10.5647
3.69317	10.6044


3.69317	10.6044
3.59574	10.6269


14.8263	14.0972
14.8896	14.0198


15.1227	14.9077
15.0574	14.9835


5.22789	14.2457
5.31931	14.2862


15.8558	15.9026
15.9317	15.9678


3.59574	10.6269
3.50158	10.6606


15.9317	15.9678
16.0224	16.01


14.2511	5.80286
14.2351	5.70415


14.8896	14.0198
14.9208	13.9248


5.09799	15.5114
5.06569	15.6061


4.36007	5.25046
4.37003	5.34996


14.2351	5.70415
14.2522	5.60562


4.96885	6.33678
4.96503	6.4367


4.94729	10.5621
5.00124	10.4779


16.0224	16.01
16.0955	16.0782


16.0955	16.0782
16.1941	16.0952


11.4536	10.5375
11.3618	10.577


2.84686	5.66351
2.84976	5.76347


14.2522	5.60562
14.241	5.50625


13.8266	6.09371
13.7499	6.02958


5.07947	3.12906
5.17746	3.14904


13.0123	11.529
13.0711	11.6099


13.2317	11.0838
13.3265	11.052


15.5875	15.022
15.6792	14.9821


14.273	5.90045
14.3711	5.91943


5.25187	9.2739
5.18379	9.20065


12.3798	7.65101
12.4468	7.72529


5.18632	14.3366
5.08863	14.3152


16.1941	16.0952
16.2435	16.1821


2.37325	3.53378
2.27643	3.55882


4.79634	12.5559
4.71429	12.6131


16.2435	16.1821
16.1836	16.2621


3.50158	10.6606
3.44566	10.7435


11.5249	11.4659
11.4348	11.5094


12.0035	8.01905
12.0852	8.07682


13.3607	6.63879
13.2979	6.56097


16.1836	16.2621
16.1053	16.3243


14.241	5.50625
14.2662	5.40946


13.3265	11.052
13.3663	10.9602


16.2435	16.1821
16.3399	16.2085


5.06569	15.6061
5.01641	15.6931


2.46995	2.15018
2.56362	2.11516


16.3399	16.2085
16.4195	16.148


3.44566	10.7435
3.35607	10.6991


3.35607	10.6991
3.28792	10.7722


15.6792	14.9821
15.7583	14.9209


9.40174	8.83135
9.46505	8.75395


16.3399	16.2085
16.3982	16.2898


5.01641	15.6931
5.01354	15.7931


16.1053	16.3243
16.1038	16.4243


16.4195	16.148
16.5051	16.0962


5.17746	3.14904
5.22529	3.06122


13.3663	10.9602
13.4647	10.9425


15.7583	14.9209
15.8499	14.8808


14.3711	5.91943
14.4637	5.95729


15.8499	14.8808
15.9446	14.8486


16.3982	16.2898
16.4793	16.3484


16.1038	16.4243
16.066	16.5169


3.86967	10.5116
3.8048	10.4354


5.22529	3.06122
5.27709	2.97568


14.2662	5.40946
14.348	5.35199


14.348	5.35199
14.4386	5.30967


15.9446	14.8486
16.0387	14.8148


16.4793	16.3484
16.5729	16.3834


5.17746	3.14904
5.22924	3.23459


14.4386	5.30967
14.4959	5.2277


15.0574	14.9835
15.0036	15.0677


13.4647	10.9425
13.4592	10.8426


3.28792	10.7722
3.18937	10.7553


16.5729	16.3834
16.6544	16.4414


16.0387	14.8148
16.1286	14.7711


14.4959	5.2277
14.5675	5.1579


1.61308	2.21253
1.58855	2.30948


2.56362	2.11516
2.61627	2.03014


2.67207	2.57295
2.75177	2.51256


14.5675	5.1579
14.54	5.06177


16.6544	16.4414
16.7329	16.5034


16.7329	16.5034
16.7994	16.5781


10.5783	9.77371
10.5022	9.83858


6.35231	10.2969
6.4487	10.2703


10.2312	8.7507
10.1333	8.77146


4.96503	6.4367
4.91867	6.52531


14.54	5.06177
14.6269	5.01227


3.28792	10.7722
3.30652	10.8705


2.84976	5.76347
2.77645	5.83148


4.91867	6.52531
4.8829	6.61869


3.18937	10.7553
3.10172	10.7071


6.29728	10.4772
6.30629	10.5768


5.60492	13.9153
5.69802	13.8788


12.4468	7.72529
12.5138	7.79949


16.7994	16.5781
16.869	16.6498


16.869	16.6498
16.8609	16.7495


14.6269	5.01227
14.7224	4.9828


14.7224	4.9828
14.7931	4.91199


16.8609	16.7495
16.8301	16.8447


3.8048	10.4354
3.76341	10.3444


14.7931	4.91199
14.8928	4.90432


5.27709	2.97568
5.31711	2.88404


16.1286	14.7711
16.129	14.6711


15.0036	15.0677
14.9106	15.1046


4.71429	12.6131
4.61479	12.6231


16.8301	16.8447
16.9025	16.9137


14.8928	4.90432
14.9893	4.93033


16.869	16.6498
16.9498	16.591


5.41203	13.5831
5.50666	13.5508


13.4169	13.1769
13.3372	13.2372


16.9498	16.591
17.0396	16.5468


3.10172	10.7071
3.01319	10.7536


16.066	16.5169
15.9667	16.5287


16.9025	16.9137
16.9013	17.0137


12.5138	7.79949
12.5893	7.86504


4.61479	12.6231
4.71475	12.6261


5.41135	12.4198
5.50904	12.3985


14.7931	4.91199
14.7773	4.81325


14.7773	4.81325
14.8214	4.72352


4.8829	6.61869
4.79917	6.67337


14.8214	4.72352
14.8232	4.62354


1.57326	2.08126
1.48491	2.03442


5.31711	2.88404
5.38226	2.80817


15.9667	16.5287
15.9253	16.6197


16.129	14.6711
16.2249	14.6428


1.48491	2.03442
1.38706	2.05503


17.0396	16.5468
17.1387	16.5599


16.2249	14.6428
16.3173	14.6045


3.01319	10.7536
2.96442	10.8409


14.9893	4.93033
14.9993	5.02983


5.01354	15.7931
5.02705	15.8921


11.4348	11.5094
11.3428	11.5486


1.38706	2.05503
1.37394	1.9559


10.5022	9.83858
10.4028	9.82731


14.8232	4.62354
14.8613	4.5311


16.9013	17.0137
16.9193	17.1121


3.10172	10.7071
3.09381	10.6074


2.61627	2.03014
2.71302	2.00487


2.77645	5.83148
2.67949	5.85593


14.9893	4.93033
15.0847	4.90016


6.30629	10.5768
6.39961	10.6127


5.02705	15.8921
5.00298	15.9892


2.96442	10.8409
2.86559	10.8257


12.0852	8.07682
12.1373	8.16214


15.0847	4.90016
15.182	4.92311


17.1387	16.5599
17.2383	16.5508


2.71302	2.00487
2.81073	1.98359


15.182	4.92311
15.2793	4.90013


4.79917	6.67337
4.72623	6.74177


14.6269	5.01227
14.609	4.91389


4.61479	12.6231
4.52592	12.6689


14.4637	5.95729
14.5571	5.9931


5.32907	11.3094
5.34102	11.2102


15.2793	4.90013
15.3638	4.84662


14.9208	13.9248
14.9877	13.8505


14.9877	13.8505
15.0164	13.7547


2.86559	10.8257
2.76564	10.8288


12.1373	8.16214
12.2048	8.23592


14.8613	4.5311
14.8805	4.43295


14.9106	15.1046
14.8718	15.1968


3.66846	4.10271
3.57992	4.1492


17.1387	16.5599
17.1423	16.6598


14.8718	15.1968
14.7929	15.2582


6.39961	10.6127
6.4002	10.7127


15.3638	4.84662
15.4632	4.836


17.2383	16.5508
17.3271	16.5969


2.76564	10.8288
2.67077	10.7971


5.23425	10.5786
5.31972	10.6305


2.67077	10.7971
2.57301	10.7761


6.4002	10.7127
6.41498	10.8116


14.8805	4.43295
14.8109	4.36112


5.38226	2.80817
5.47063	2.85498


15.4632	4.836
15.5377	4.76926


13.4592	10.8426
13.4766	10.7441


6.55498	9.3136
6.65371	9.32947


15.5377	4.76926
15.6305	4.80658


5.09799	15.5114
5.19274	15.5434


13.7975	6.34407
13.8621	6.42043


3.76341	10.3444
3.78693	10.2472


13.4766	10.7441
13.5661	10.6994


15.6305	4.80658
15.7284	4.78628


14.9993	5.02983
15.0642	5.1059


5.19274	15.5434
5.29228	15.5339


15.0164	13.7547
15.0563	13.663


5.27861	5.80427
5.19641	5.74732


13.4647	10.9425
13.5374	11.0111


10.4028	9.82731
10.3156	9.87625


15.9253	16.6197
15.8831	16.7104


13.7499	6.02958
13.6553	5.99718


5.00298	15.9892
5.0614	16.0704


14.8805	4.43295
14.9499	4.36101


5.0614	16.0704
5.03873	16.1678


17.3271	16.5969
17.4125	16.6489


5.38226	2.80817
5.42683	2.71866


5.03873	16.1678
5.04653	16.2675


3.90356	4.39381
3.82339	4.4536


9.21642	9.04236
9.16705	9.12932


15.7284	4.78628
15.8148	4.73593


1.58855	2.30948
1.50781	2.36847


15.8831	16.7104
15.7951	16.7579


2.77645	5.83148
2.81124	5.92524


15.9667	16.5287
15.8891	16.4655


14.8109	4.36112
14.7514	4.28077


14.4637	5.95729
14.4472	6.05591


5.04653	16.2675
5.08102	16.3613


4.70351	3.36358
4.77839	3.42986


13.5661	10.6994
13.6637	10.7211


5.08102	16.3613
5.0934	16.4606


5.0934	16.4606
5.02401	16.5326


14.7514	4.28077
14.6717	4.22034


16.5051	16.0962
16.5866	16.0383


16.9193	17.1121
16.8921	17.2083


2.57301	10.7761
2.48449	10.7296


15.0563	13.663
15.0264	13.5676


17.4125	16.6489
17.5086	16.6764


4.39943	2.93088
4.32006	2.87005


17.5086	16.6764
17.5991	16.7189


14.6717	4.22034
14.5728	4.23537


14.9499	4.36101
14.9999	4.27439


17.5991	16.7189
17.6952	16.7466


16.8921	17.2083
16.884	17.308


5.02401	16.5326
5.06603	16.6233


16.884	17.308
16.9472	17.3855


17.6952	16.7466
17.7852	16.7902


17.5991	16.7189
17.5494	16.8057


12.0954	11.4244
12.0984	11.3245


15.0264	13.5676
15.0747	13.48


3.95049	10.4527
3.94724	10.5526


14.9999	4.27439
15.03	4.17904


5.06603	16.6233
5.08626	16.7212


3.82339	4.4536
3.80113	4.55109


15.7951	16.7579
15.8344	16.8499


9.16705	9.12932
9.15255	9.22826


5.69802	13.8788
5.79796	13.8753


6.41498	10.8116
6.45604	10.9028


9.15255	9.22826
9.12798	9.3252


15.8148	4.73593
15.9146	4.72909


5.16795	11.7935
5.26776	11.7873


16.9472	17.3855
16.9141	17.4799


2.81073	1.98359
2.86904	1.90235


7.63728	8.39998
7.64421	8.49974


14.262	14.1422
14.1983	14.2193


5.42683	2.71866
5.47579	2.63146


3.47979	3.57761
3.40752	3.64673


9.15255	9.22826
9.05615	9.20169


17.5086	16.6764
17.538	16.5808


16.9141	17.4799
16.9086	17.5797


14.5728	4.23537
14.5272	4.14639


15.9146	4.72909
15.9606	4.64032


14.5272	4.14639
14.5104	4.04782


17.7852	16.7902
17.8534	16.8634


3.32187	3.34454
3.35386	3.24979


2.96442	10.8409
2.95465	10.9404


6.45604	10.9028
6.41668	10.9948


5.07947	3.12906
5.07071	3.22868


16.9086	17.5797
16.9582	17.6666


2.48449	10.7296
2.41252	10.6601


16.9582	17.6666
16.9327	17.7633


17.7852	16.7902
17.8496	16.7136


5.31931	14.2862
5.3976	14.3484


16.3173	14.6045
16.3765	14.5239


5.79796	13.8753
5.89427	13.8484


2.41252	10.6601
2.31656	10.6883


4.52592	12.6689
4.43444	12.6286


10.3156	9.87625
10.2158	9.86956


15.8344	16.8499
15.7784	16.9327


15.0747	13.48
15.0228	13.3946


15.9606	4.64032
16.0553	4.60814


15.7784	16.9327
15.7063	17.002


16.9327	17.7633
16.9816	17.8505


11.3428	11.5486
11.3272	11.6474


14.5571	5.9931
14.62	6.07079


5.47579	2.63146
5.54875	2.56307


14.5104	4.04782
14.466	3.95817


16.0553	4.60814
16.1133	4.52667


16.1133	4.52667
16.1332	4.42868


15.9146	4.72909
15.9686	4.81325


14.466	3.95817
14.366	3.95736


14.366	3.95736
14.3308	3.86377


16.1332	4.42868
16.1729	4.33687


5.89427	13.8484
5.97699	13.9046


5.08626	16.7212
5.06399	16.8187


16.3765	14.5239
16.4731	14.4982


16.4731	14.4982
16.45	14.4009


2.31656	10.6883
2.22321	10.7241


16.1729	4.33687
16.2515	4.27503


4.77839	3.42986
4.81244	3.52388


17.8534	16.8634
17.936	16.9196


9.12798	9.3252
9.05761	9.39625


16.2515	4.27503
16.3467	4.24466


13.6553	5.99718
13.5773	5.93449


16.3467	4.24466
16.398	4.15882


5.06399	16.8187
5.11513	16.9047


13.6637	10.7211
13.7635	10.7151


17.936	16.9196
18.0358	16.9125


5.11513	16.9047
5.14336	17.0006


14.3308	3.86377
14.2454	3.81172


12.3627	7.55248
12.2629	7.5588


14.62	6.07079
14.7065	6.12097


18.0358	16.9125
18.1337	16.9327


18.1337	16.9327
18.2126	16.8712


16.398	4.15882
16.4817	4.104


18.2126	16.8712
18.3125	16.8758


5.08102	16.3613
5.16509	16.3072


16.4817	4.104
16.5534	4.17363


4.43444	12.6286
4.34934	12.6811


16.4817	4.104
16.4722	4.00445


18.3125	16.8758
18.3735	16.955


3.30652	10.8705
3.33924	10.965


5.14336	17.0006
5.18121	17.0931


16.5534	4.17363
16.6493	4.20207


15.703	15.5988
15.7747	15.6685


18.3125	16.8758
18.3851	16.8071


16.9816	17.8505
16.9948	17.9496


5.26842	14.1542
5.36018	14.1145


2.56888	5.13415
2.47313	5.16298


14.2662	5.40946
14.1855	5.35035


5.22924	3.23459
5.28771	3.31571


2.95465	10.9404
2.96546	11.0399


14.3308	3.86377
14.3827	3.77829


5.97699	13.9046
6.07699	13.9043


16.4722	4.00445
16.5447	3.93561


13.5773	5.93449
13.5082	5.86222


16.9472	17.3855
17.0459	17.4014


16.6493	4.20207
16.7493	4.20278


12.3513	11.6416
12.2621	11.6867


14.7065	6.12097
14.7701	6.19815


5.29228	15.5339
5.39186	15.5431


15.7063	17.002
15.6209	17.0541


1.37394	1.9559
1.32987	1.86613


5.18121	17.0931
5.14469	17.1862


5.14469	17.1862
5.06759	17.2499


16.9948	17.9496
17.0021	18.0493


2.81124	5.92524
2.87489	6.00237


17.538	16.5808
17.5813	16.4906


2.87489	6.00237
2.83667	6.09478


13.884	13.9168
13.809	13.9829


5.06759	17.2499
5.08626	17.3482


11.3272	11.6474
11.325	11.7474


6.41668	10.9948
6.45525	11.087


13.7635	10.7151
13.839	10.6495


13.839	10.6495
13.9362	10.6729


5.08626	17.3482
5.16151	17.414


11.325	11.7474
11.3343	11.8469


4.72623	6.74177
4.65758	6.81448


4.24566	5.55647
4.15968	5.50541


15.8344	16.8499
15.9252	16.8917


17.0021	18.0493
17.0652	18.1269


13.9884	6.1382
13.9358	6.05317


13.5374	11.0111
13.5968	11.0915


16.5447	3.93561
16.6245	3.87531


2.14916	2.1166
2.1768	2.2127


15.437	15.2225
15.3494	15.1743


16.6245	3.87531
16.684	3.79498


11.3343	11.8469
11.2374	11.872


18.3735	16.955
18.4595	17.0062


4.19568	10.4745
4.28823	10.5124


16.45	14.4009
16.5456	14.3715


12.8977	12.6517
12.9077	12.7512


9.05761	9.39625
9.03742	9.49419


14.2454	3.81172
14.1993	3.72301


16.7493	4.20278
16.7917	4.29335


12.4843	12.0851
12.4393	12.1745


6.07699	13.9043
6.17186	13.9359


14.1993	3.72301
14.2107	3.62366


6.45604	10.9028
6.55603	10.9041


2.22321	10.7241
2.18316	10.8157


16.684	3.79498
16.7772	3.75861


5.16151	17.414
5.24523	17.4687


7.64421	8.49974
7.59031	8.58397


16.7917	4.29335
16.8915	4.28632


2.18316	10.8157
2.08983	10.7798


14.2107	3.62366
14.1611	3.5368


5.24523	17.4687
5.28066	17.5622


17.0652	18.1269
17.0035	18.2055


16.7772	3.75861
16.8609	3.70385


15.5408	15.3927
15.4643	15.457


14.1611	3.5368
14.1394	3.43919


12.8977	12.6517
12.7985	12.6388


1.99067	1.66381
1.99684	1.564


18.4595	17.0062
18.513	17.0906


5.28066	17.5622
5.26206	17.6605


18.513	17.0906
18.5655	17.1757


15.0228	13.3946
15.096	13.3265


17.5813	16.4906
17.6189	16.398


13.5082	5.86222
13.4146	5.82704


13.9362	10.6729
14.0362	10.6746


3.78693	10.2472
3.74278	10.1575


16.8609	3.70385
16.9514	3.66128


15.6209	17.0541
15.5656	17.1374


12.5893	7.86504
12.6868	7.88738


5.28066	17.5622
5.38061	17.5652


5.26206	17.6605
5.26628	17.7604


14.1394	3.43919
14.0415	3.41884


14.7701	6.19815
14.8678	6.21945


15.096	13.3265
15.168	13.2572


18.513	17.0906
18.4382	17.1571


16.5456	14.3715
16.5498	14.2716


5.26628	17.7604
5.30644	17.852


18.5655	17.1757
18.6652	17.1838


16.8915	4.28632
16.9914	4.28432


18.6652	17.1838
18.7646	17.1948


2.86904	1.90235
2.95657	1.95071


6.2536	8.82576
6.18681	8.75133


18.7646	17.1948
18.847	17.2514


3.30325	5.1478
3.32308	5.24582


5.47063	2.85498
5.5562	2.90672


14.0415	3.41884
13.9752	3.34403


15.5377	4.76926
15.5057	4.67452


5.16242	14.8743
5.06499	14.8968


18.847	17.2514
18.9443	17.2747


15.5656	17.1374
15.4894	17.2022


2.08983	10.7798
1.99614	10.7449


5.30644	17.852
5.3254	17.9502


5.54875	2.56307
5.53158	2.46456


8.18176	8.32349
8.22894	8.41166


16.9514	3.66128
16.9658	3.56234


16.5456	14.3715
16.6452	14.3807


13.9752	3.34403
13.8881	3.29483


16.9658	3.56234
17.0656	3.55513


18.9443	17.2747
19.0319	17.2265


15.4894	17.2022
15.4323	17.2843


13.4146	5.82704
13.3526	5.74857


13.8881	3.29483
13.9178	3.19934


6.08079	6.98742
6.15447	6.91981


17.0035	18.2055
16.9353	18.2787


9.03742	9.49419
8.98426	9.57889


4.34934	12.6811
4.25252	12.7061


5.11901	13.1629
5.02759	13.2034


5.3254	17.9502
5.23957	18.0015


5.3254	17.9502
5.3956	18.0214


19.0319	17.2265
19.0802	17.3141


17.0656	3.55513
17.1491	3.50016


17.1491	3.50016
17.2366	3.54867


5.23957	18.0015
5.24964	18.101


6.17186	13.9359
6.25574	13.8815


5.24964	18.101
5.18359	18.1761


11.7149	10.4183
11.8029	10.4657


5.50666	13.5508
5.58839	13.4932


16.6452	14.3807
16.7264	14.3224


16.9353	18.2787
16.8881	18.3668


16.8881	18.3668
16.91	18.4644


19.0802	17.3141
19.1337	17.3985


18.3851	16.8071
18.4486	16.7298


2.47313	5.16298
2.38008	5.19961


2.67949	5.85593
2.59485	5.90919


2.83667	6.09478
2.78381	6.17966


17.2366	3.54867
17.3356	3.56223


6.55603	10.9041
6.64969	10.8691


15.4323	17.2843
15.3326	17.2923


10.1326	8.76769
10.0476	8.71501


1.32987	1.86613
1.23027	1.87505


3.33924	10.965
3.42253	11.0203


5.18359	18.1761
5.13079	18.261


14.0362	10.6746
14.1314	10.6442


2.18316	10.8157
2.15096	10.9104


4.3771	3.02835
4.27714	3.0254


16.9914	4.28432
17.0774	4.33537


12.6868	7.88738
12.7542	7.96125


5.13079	18.261
5.05304	18.3239


19.0319	17.2265
18.9903	17.1356


16.91	18.4644
16.8799	18.5598


9.82234	8.70979
9.86567	8.61966


18.9903	17.1356
19.052	17.0569


17.3356	3.56223
17.4296	3.52805


13.839	10.6495
13.8177	10.5517


6.00118	7.74383
6.03728	7.83709


17.4296	3.52805
17.5171	3.47966


5.05304	18.3239
5.11628	18.4013


16.8799	18.5598
16.8326	18.6479


5.3956	18.0214
5.48853	18.0583


17.5171	3.47966
17.6132	3.50734


13.2182	12.7458
13.2751	12.6635


3.35386	3.24979
3.45357	3.24219


15.168	13.2572
15.2304	13.179


2.27643	3.55882
2.17815	3.57726


17.6132	3.50734
17.6855	3.43819


16.8799	18.5598
16.9689	18.6055


3.74278	10.1575
3.67617	10.0829


6.32799	9.04274
6.254	8.97546


17.1491	3.50016
17.2404	3.54091


16.4793	16.3484
16.4625	16.2498


5.2352	5.28316
5.17827	5.20095


12.2621	11.6867
12.1714	11.7288


2.87489	6.00237
2.96508	6.04556


10.2158	9.86956
10.1262	9.91391


2.87489	6.00237
2.77507	5.99634


14.7929	15.2582
14.7309	15.3366


18.4382	17.1571
18.3767	17.2358


5.48853	18.0583
5.5566	18.1316


14.8678	6.21945
14.9621	6.25266


2.95657	1.95071
3.05239	1.92211


13.3526	5.74857
13.3631	5.64912


6.25574	13.8815
6.35455	13.866


5.5566	18.1316
5.6538	18.1081


1.99614	10.7449
1.97412	10.6473


5.11628	18.4013
5.05889	18.4832


2.17815	3.57726
2.08204	3.60487


5.05889	18.4832
5.00376	18.5666


14.9621	6.25266
15.0378	6.31806


15.2304	13.179
15.3006	13.1078


9.00644	8.52638
8.97509	8.43142


16.8326	18.6479
16.8149	18.7463


4.37847	5.15217
4.46105	5.09577


17.6132	3.50734
17.6743	3.58649


14.1314	10.6442
14.2273	10.6157


15.3326	17.2923
15.2461	17.3424


19.1337	17.3985
19.1772	17.4886


19.1772	17.4886
19.2495	17.5577


1.50781	2.36847
1.45302	2.45213


19.052	17.0569
18.9828	16.9847


13.8881	3.29483
13.8164	3.36451


16.8881	18.3668
16.7898	18.3484


6.35455	13.866
6.45455	13.8659


18.3767	17.2358
18.3932	17.3345


3.35607	10.6991
3.26257	10.6636


5.38061	17.5652
5.47391	17.5292


6.45455	13.8659
6.48359	13.9616


17.6743	3.58649
17.765	3.6286


4.25252	12.7061
4.154	12.7233


6.64969	10.8691
6.74789	10.8879


19.1772	17.4886
19.0786	17.5051


15.0378	6.31806
15.135	6.29451


13.3162	6.94573
13.3906	7.01255


9.86567	8.61966
9.84409	8.52202


18.9828	16.9847
19.0429	16.9047


6.48359	13.9616
6.52338	14.0533


19.0429	16.9047
19.1129	16.8334


16.8149	18.7463
16.8843	18.8183


16.8843	18.8183
16.9142	18.9138


19.2495	17.5577
19.3096	17.6376


5.6538	18.1081
5.75215	18.09


13.9178	3.19934
13.9824	3.12299


2.78381	6.17966
2.712	6.24926


10.1262	9.91391
10.0923	10.008


15.168	13.2572
15.2215	13.3417


6.52338	14.0533
6.59915	14.1186


5.18379	9.20065
5.08615	9.22224


12.7985	12.6388
12.7145	12.693


15.2461	17.3424
15.187	17.4231


6.59915	14.1186
6.6945	14.0885


13.3906	7.01255
13.4702	7.07319


5.5562	2.90672
5.63553	2.9676


4.15968	5.50541
4.2553	5.53468


2.15096	10.9104
2.08574	10.9862


13.9178	3.19934
13.8403	3.13619


1.99684	1.564
1.9168	1.50406


15.2461	17.3424
15.1651	17.2838


13.9824	3.12299
14.0067	3.02599


18.5655	17.1757
18.6122	17.2642


15.135	6.29451
15.1954	6.37419


14.0067	3.02599
14.1061	3.0153


16.9142	18.9138
16.8378	18.9783


5.75215	18.09
5.84674	18.0575


5.8382	7.9062
5.74496	7.94235


1.23027	1.87505
1.13297	1.89811


19.1129	16.8334
19.1866	16.7658


3.67617	10.0829
3.60187	10.016


12.4393	12.1745
12.3526	12.2242


14.2662	5.40946
14.228	5.31703


13.0648	6.99569
13.0079	6.91341


14.2511	5.80286
14.1781	5.73459


5.16509	16.3072
5.26452	16.3178


1.97412	10.6473
1.87688	10.6707


3.60187	10.016
3.52441	9.95273


17.0774	4.33537
17.1002	4.43274


9.23611	8.79555
9.15125	8.84845


6.88331	8.00263
6.80713	8.06741


1.97412	10.6473
1.97687	10.5474


16.7264	14.3224
16.8239	14.3002


17.765	3.6286
17.8648	3.63491


14.9208	13.9248
14.8886	13.8301


10.0923	10.008
10.0191	10.0761


1.13297	1.89811
1.08334	1.81129


16.8239	14.3002
16.9239	14.3031


5.2352	5.28316
5.32692	5.24332


19.3096	17.6376
19.355	17.7267


1.08334	1.81129
0.983388	1.81424


5.84674	18.0575
5.92028	17.9898


4.65758	6.81448
4.5583	6.8265


2.59485	5.90919
2.49601	5.9244


16.8378	18.9783
16.7418	19.0064


19.1866	16.7658
19.2583	16.6961


2.08574	10.9862
2.04173	11.076


6.74789	10.8879
6.82948	10.8301


2.712	6.24926
2.66289	6.33637


19.2583	16.6961
19.3569	16.6793


5.53158	2.46456
5.54032	2.36494


17.8648	3.63491
17.9324	3.70865


2.96508	6.04556
3.0423	6.10909


1.87688	10.6707
1.78139	10.641


1.9168	1.50406
1.85341	1.42671


4.24566	5.55647
4.33862	5.59334


3.52441	9.95273
3.60535	9.894


17.1002	4.43274
17.1956	4.46268


2.08204	3.60487
1.98204	3.60379


14.1061	3.0153
14.2048	2.99901


1.78139	10.641
1.68852	10.6781


17.9324	3.70865
18.0152	3.65255


4.5583	6.8265
4.4943	6.90334


13.8177	10.5517
13.7942	10.4545


17.6189	16.398
17.6707	16.3125


19.355	17.7267
19.4274	17.7957


6.82948	10.8301
6.91137	10.7727


19.4274	17.7957
19.5237	17.7686


16.7418	19.0064
16.698	19.0963


2.31656	10.6883
2.29403	10.5908


5.08615	9.22224
5.05656	9.12671


12.2048	8.23592
12.2533	8.32338


16.698	19.0963
16.6788	19.1944


11.2374	11.872
11.1676	11.9436


14.2048	2.99901
14.2012	2.89907


16.6788	19.1944
16.7367	19.276


10.1967	9.12986
10.1232	9.1976


13.8164	3.36451
13.731	3.41657


6.91137	10.7727
6.98429	10.8412


12.0984	11.3245
12.1393	11.2332


0.983388	1.81424
0.932355	1.90024


14.2012	2.89907
14.1663	2.80536


5.28771	3.31571
5.36657	3.3772


1.85341	1.42671
1.91826	1.35058


11.3343	11.8469
11.3588	11.9439


13.5162	13.1888
13.591	13.1223


12.8207	7.25833
12.7234	7.23511


5.54032	2.36494
5.54198	2.26495


19.4274	17.7957
19.4296	17.8956


6.4487	10.2703
6.44398	10.1704


17.5494	16.8057
17.4538	16.835


5.54198	2.26495
5.48411	2.1834


1.97687	10.5474
1.96262	10.4484


19.3569	16.6793
19.3548	16.5793


1.96262	10.4484
1.90127	10.3694


2.04173	11.076
1.97751	11.1527


15.135	6.29451
15.2112	6.22979


15.187	17.4231
15.1493	17.5157


18.0152	3.65255
18.1149	3.64539


6.57555	8.6668
6.6755	8.66348


6.98429	10.8412
7.05799	10.9087


18.1149	3.64539
18.2147	3.63922


5.63553	2.9676
5.71339	3.03035


4.46105	5.09577
4.51271	5.01015


13.4702	7.07319
13.5424	7.14229


17.1491	3.50016
17.1301	3.40199


6.25283	10.3071
6.15746	10.2771


5.00376	18.5666
5.05999	18.6493


6.98886	6.91478
6.97686	6.81551


3.35386	3.24979
3.29961	3.16578


14.2273	10.6157
14.3242	10.591


5.84674	18.0575
5.90417	18.1394


5.50904	12.3985
5.60799	12.413


13.809	13.9829
13.7092	13.9893


15.1954	6.37419
15.263	6.44791


5.05999	18.6493
5.07477	18.7482


15.5656	17.1374
15.6293	17.2146


14.1663	2.80536
14.2561	2.76136


15.1651	17.2838
15.1048	17.204


2.49601	5.9244
2.39608	5.92081


6.6945	14.0885
6.77904	14.0351


5.07477	18.7482
5.03214	18.8387


14.2048	2.99901
14.2918	3.04834


14.3242	10.591
14.4178	10.6263


13.7942	10.4545
13.8766	10.3978


18.2147	3.63922
18.2398	3.54242


13.8403	3.13619
13.7604	3.07593


16.7367	19.276
16.6664	19.3471


10.1232	9.1976
10.0995	9.29475


13.1525	11.267
13.2513	11.2513


19.4296	17.8956
19.4633	17.9898


2.3663	2.43817
2.29667	2.50995


11.1676	11.9436
11.135	12.0381


14.3827	3.77829
14.4725	3.73432


2.66289	6.33637
2.68858	6.43301


16.6664	19.3471
16.5869	19.4079


1.90127	10.3694
1.8741	10.2732


2.29403	10.5908
2.32703	10.4964


6.77904	14.0351
6.86391	13.9822


6.18681	8.75133
6.09322	8.7161


1.85341	1.42671
1.77423	1.36564


5.48411	2.1834
5.44622	2.09086


2.39608	5.92081
2.3128	5.97618


1.91826	1.35058
1.98172	1.2733


16.9239	14.3031
17.0096	14.2515


13.5968	11.0915
13.6958	11.1057


16.9025	16.9137
16.973	16.8428


16.1133	4.52667
16.2131	4.53283


15.1493	17.5157
15.0501	17.5285


14.7309	15.3366
14.635	15.3651


5.26452	16.3178
5.34868	16.3719


12.7145	12.693
12.6593	12.7764


5.92028	17.9898
6.01838	17.9704


18.4486	16.7298
18.4802	16.6349


2.38008	5.19961
2.28012	5.19676


19.4633	17.9898
19.491	18.0858


6.86391	13.9822
6.96012	13.9549


5.71339	3.03035
5.77415	3.10977


0.983388	1.81424
0.936166	1.72609


6.96012	13.9549
7.05869	13.938


18.2398	3.54242
18.2523	3.4432


16.7367	19.276
16.8275	19.3179


17.1301	3.40199
17.0572	3.33349


15.1048	17.204
15.0782	17.1076


18.2398	3.54242
18.3365	3.56812


18.3851	16.8071
18.4789	16.8418


19.491	18.0858
19.5046	18.1849


16.5869	19.4079
16.4999	19.4571


4.154	12.7233
4.10033	12.6389


17.0572	3.33349
17.0789	3.23586


2.08204	3.60487
2.09229	3.70434


12.7542	7.96125
12.8401	8.01244


5.78442	6.1971
5.8826	6.21611


17.0096	14.2515
17.0268	14.153


7.05799	10.9087
7.14122	10.9642


14.3827	3.77829
14.4826	3.77278


7.05869	13.938
7.09534	14.0311


16.4999	19.4571
16.4383	19.5359


17.0268	14.153
17.1264	14.1619


3.69317	10.6044
3.74075	10.6923


1.97751	11.1527
1.9067	11.2233


3.50158	10.6606
3.59002	10.7073


6.65371	9.32947
6.71926	9.405


17.0789	3.23586
17.0672	3.13655


1.98204	3.60379
1.88257	3.59356


13.2751	12.6635
13.3549	12.6032


5.8826	6.21611
5.96768	6.26865


16.4722	4.00445
16.3876	3.95104


18.2523	3.4432
18.2905	3.35077


18.3365	3.56812
18.4186	3.62513


7.14122	10.9642
7.15935	11.0625


5.06907	11.8084
4.97245	11.7826


14.4178	10.6263
14.5113	10.5909


5.03214	18.8387
5.06953	18.9315


7.09534	14.0311
7.1355	14.1227


13.8766	10.3978
13.9219	10.3087


18.4186	3.62513
18.5177	3.61165


13.7092	13.9893
13.6546	14.0731


6.44398	10.1704
6.54213	10.1512


16.6493	4.20207
16.6169	4.29668


14.2561	2.76136
14.2782	2.66383


16.8149	18.7463
16.7158	18.7335


13.7604	3.07593
13.6682	3.03724


13.6682	3.03724
13.5684	3.04225


18.2905	3.35077
18.3381	3.26285


1.8741	10.2732
1.83299	10.182


13.9219	10.3087
13.9555	10.2144


2.68858	6.43301
2.60717	6.49108


16.8275	19.3179
16.8784	19.4039


15.0782	17.1076
14.9819	17.0805


2.28012	5.19676
2.22027	5.11665


9.65347	8.91878
9.63239	8.82103


14.9999	4.27439
14.907	4.23723


13.0069	7.18546
13.0882	7.2437


6.17599	7.65436
6.19973	7.7515


16.8784	19.4039
16.9697	19.363


2.22027	5.11665
2.1206	5.10855


18.3381	3.26285
18.4186	3.20358


13.6075	13.5698
13.5202	13.6185


18.5177	3.61165
18.596	3.67382


13.3549	12.6032
13.4549	12.6045


2.32703	10.4964
2.42121	10.4628


14.635	15.3651
14.5662	15.4377


16.9697	19.363
17.0338	19.4397


16.8843	18.8183
16.9812	18.7935


11.135	12.0381
11.0354	12.047


14.5113	10.5909
14.5941	10.5349


16.5866	16.0383
16.6484	15.9597


10.6464	8.33017
10.6384	8.42986


5.06953	18.9315
5.14987	18.991


2.3128	5.97618
2.21281	5.97675


18.596	3.67382
18.5947	3.77381


13.6958	11.1057
13.75	11.1897


2.3128	5.97618
2.37872	6.05138


5.14987	18.991
5.17774	19.087


4.4943	6.90334
4.44526	6.99048


18.4186	3.20358
18.4668	3.11591


19.3548	16.5793
19.357	16.4793


5.15356	13.2567
5.22125	13.1831


17.0672	3.13655
17.043	3.03951


5.32692	5.24332
5.42517	5.2247


7.1355	14.1227
7.23163	14.0951


3.52441	9.95273
3.47635	10.0404


11.3588	11.9439
11.4265	12.0175


1.68852	10.6781
1.62468	10.755


7.23163	14.0951
7.33135	14.0877


13.8621	6.42043
13.9324	6.4915


13.75	11.1897
13.8295	11.2504


18.5947	3.77381
18.585	3.87333


4.10033	12.6389
4.00143	12.6537


5.34047	9.32027
5.25779	9.26402


17.1264	14.1619
17.2246	14.1431


5.96768	6.26865
6.02766	6.18864


15.0501	17.5285
15.026	17.6256


17.043	3.03951
17.0629	2.9415


19.5046	18.1849
19.597	18.2232


11.493	10.1509
11.5331	10.0593


5.17774	19.087
5.1286	19.1741


5.39186	15.5431
5.4832	15.5838


5.17827	5.20095
5.17145	5.10118


17.6707	16.3125
17.6412	16.2169


17.2246	14.1431
17.2211	14.0431


6.01838	17.9704
6.11764	17.9825


11.8029	10.4657
11.8825	10.4052


16.8275	19.3179
16.7322	19.3482


14.5941	10.5349
14.6494	10.4515


14.6494	10.4515
14.7485	10.4648


1.9067	11.2233
1.97149	11.2994


18.596	3.67382
18.696	3.67643


19.3548	16.5793
19.4309	16.6442


19.597	18.2232
19.6506	18.3076


14.2522	5.60562
14.352	5.5985


5.1286	19.1741
5.03738	19.2151


18.2905	3.35077
18.2022	3.30383


6.45525	11.087
6.41915	11.1803


14.9819	17.0805
14.8822	17.0873


5.03738	19.2151
5.02327	19.3141


1.83299	10.182
1.77237	10.1025


14.4178	10.6263
14.3846	10.7206


11.0354	12.047
11.0223	12.1461


2.60717	6.49108
2.51252	6.52335


15.3006	13.1078
15.2636	13.0149


3.33924	10.965
3.24405	10.9956


14.7485	10.4648
14.8126	10.3881


2.51252	6.52335
2.42041	6.56228


4.6134	5.34897
4.61951	5.24916


5.44622	2.09086
5.51122	2.01486


17.0629	2.9415
17.1121	2.8544


16.7898	18.3484
16.6898	18.3467


9.84409	8.52202
9.81785	8.42552


5.1286	19.1741
5.21057	19.2314


19.4309	16.6442
19.5307	16.6501


18.4668	3.11591
18.5342	3.04205


5.02327	19.3141
4.94291	19.3736


11.4265	12.0175
11.4761	12.1043


5.42517	5.2247
5.52517	5.22518


13.3631	5.64912
13.3084	5.5654


5.31711	2.88404
5.22722	2.84023


14.2782	2.66383
14.3348	2.58143


3.60535	9.894
3.67764	9.8249


17.2211	14.0431
17.3209	14.0371


17.1956	4.46268
17.2943	4.44637


13.3526	5.74857
13.2587	5.78293


17.1121	2.8544
17.1203	2.75473


2.42041	6.56228
2.32659	6.5969


12.5138	7.79949
12.6079	7.76575


12.3526	12.2242
12.292	12.3037


14.3348	2.58143
14.4252	2.62424


17.1002	4.43274
17.0663	4.52682


4.94291	19.3736
4.85431	19.42


7.33135	14.0877
7.35683	14.1844


1.9067	11.2233
1.82101	11.2748


4.85431	19.42
4.75915	19.4507


4.75915	19.4507
4.69589	19.5282


17.1203	2.75473
17.0501	2.68345


4.75915	19.4507
4.65917	19.449


19.5237	17.7686
19.6057	17.7113


17.2943	4.44637
17.3879	4.48135


12.4393	12.1745
12.3577	12.2322


18.585	3.87333
18.6715	3.92351


14.7309	15.3366
14.7801	15.4236


15.1493	17.5157
15.2232	17.583


7.15935	11.0625
7.22888	11.1344


13.8295	11.2504
13.9109	11.3085


5.52517	5.22518
5.57475	5.13833


5.57475	5.13833
5.67474	5.13947


9.65347	8.91878
9.71258	8.99944


5.3976	14.3484
5.4334	14.255


6.11764	17.9825
6.19902	18.0406


15.026	17.6256
14.9575	17.6984


6.02766	6.18864
6.01068	6.09009


19.6506	18.3076
19.7333	18.3639


3.05239	1.92211
3.10127	1.83487


13.4766	10.7441
13.4242	10.659


5.51122	2.01486
5.51937	1.91519


14.8126	10.3881
14.8587	10.2994


1.82101	11.2748
1.78946	11.3697


13.5424	7.14229
13.6127	7.21343


2.61627	2.03014
2.51682	2.01963


1.77237	10.1025
1.77443	10.0025


7.22888	11.1344
7.32261	11.0995


3.67764	9.8249
3.6276	9.73831


3.10127	1.83487
3.19628	1.8037


5.74496	7.94235
5.645	7.93988


2.21281	5.97675
2.11442	5.99466


16.4383	19.5359
16.3451	19.5721


15.8558	15.9026
15.9387	15.8467


12.2533	8.32338
12.1902	8.40094


1.98172	1.2733
2.01924	1.1806


13.3084	5.5654
13.2763	5.47069


13.4242	10.659
13.3589	10.5833


17.0501	2.68345
17.12	2.61191


16.3451	19.5721
16.2452	19.5761


5.24523	17.4687
5.27783	17.3742


2.32659	6.5969
2.28126	6.68604


5.47391	17.5292
5.5614	17.4807


4.00143	12.6537
3.91511	12.6032


18.9828	16.9847
18.9069	16.9197


17.0338	19.4397
17.0468	19.5388


9.84409	8.52202
9.74611	8.54202


11.0223	12.1461
10.9603	12.2246


2.51252	6.52335
2.55234	6.61508


19.7333	18.3639
19.7992	18.4391


5.51937	1.91519
5.47274	1.82673


3.02293	3.33404
2.99368	3.42967


11.515	8.06929
11.5265	8.16863


19.7992	18.4391
19.8869	18.3911


3.6276	9.73831
3.66291	9.64475


13.6127	7.21343
13.6763	7.29065


10.9603	12.2246
10.8611	12.2119


4.69589	19.5282
4.6161	19.5885


3.0423	6.10909
3.13383	6.14938


5.07947	3.12906
5.04734	3.03437


5.08863	14.3152
5.00758	14.2567


17.12	2.61191
17.1589	2.51981


18.5342	3.04205
18.6182	2.98788


1.45302	2.45213
1.35492	2.43276


5.05656	9.12671
4.97685	9.06633


5.34868	16.3719
5.44844	16.3649


15.03	4.17904
15.1117	4.12134


7.1355	14.1227
7.11121	14.2197


14.8587	10.2994
14.844	10.2005


19.357	16.4793
19.4237	16.4048


1.35492	2.43276
1.33579	2.53091


5.77415	3.10977
5.87193	3.08882


18.6182	2.98788
18.7045	2.93738


4.6161	19.5885
4.51627	19.5941


3.1143	5.10967
3.14635	5.01495


2.28126	6.68604
2.19379	6.73451


13.5424	7.14229
13.6296	7.09319


1.77443	10.0025
1.81404	9.91067


13.6546	14.0731
13.5565	14.0927


17.6412	16.2169
17.6872	16.1281


2.42121	10.4628
2.45337	10.3682


14.3348	2.58143
14.2702	2.50514


5.47274	1.82673
5.43609	1.73369


4.51627	19.5941
4.41706	19.5816


13.0882	7.2437
13.1397	7.15803


17.1387	16.5599
17.1483	16.4604


2.17815	3.57726
2.23987	3.65594


2.09229	3.70434
2.12762	3.79789


17.0468	19.5388
17.1153	19.6116


19.4237	16.4048
19.5061	16.348


16.2452	19.5761
16.1768	19.6491


11.8825	10.4052
11.958	10.3396


14.5662	15.4377
14.4811	15.4902


1.50781	2.36847
1.57517	2.44238


19.5061	16.348
19.5392	16.2537


18.7045	2.93738
18.7458	2.84628


17.1589	2.51981
17.1619	2.41985


5.645	7.93988
5.54548	7.94977


14.4252	2.62424
14.4995	2.55728


7.11121	14.2197
7.11437	14.3196


16.1768	19.6491
16.1862	19.7487


16.1862	19.7487
16.0872	19.7621


17.0501	2.68345
16.9526	2.66131


15.2215	13.3417
15.2877	13.4166


14.3827	3.77829
14.4761	3.8139


15.4632	4.836
15.4496	4.93506


13.5666	6.48834
13.6329	6.41351


19.8869	18.3911
19.9384	18.4769


1.81404	9.91067
1.76413	9.82402


16.0872	19.7621
16.0109	19.8268


10.1262	9.91391
10.0318	9.88097


19.5392	16.2537
19.6144	16.1877


17.2246	14.1431
17.3005	14.2082


16.9526	2.66131
16.8681	2.71481


7.32261	11.0995
7.41762	11.0683


2.01924	1.1806
2.10955	1.13766


3.19628	1.8037
3.26904	1.87231


5.36657	3.3772
5.43881	3.44635


4.41706	19.5816
4.31711	19.5786


17.1153	19.6116
17.1829	19.6853


4.31711	19.5786
4.21718	19.5824


19.0786	17.5051
19.008	17.576


15.9686	4.81325
16.0649	4.84013


18.7458	2.84628
18.8457	2.85009


2.01924	1.1806
1.94891	1.10952


5.11539	12.387
5.03779	12.3239


16.1862	19.7487
16.1579	19.8446


18.6715	3.92351
18.7597	3.97056


4.21718	19.5824
4.17962	19.675


1.97149	11.2994
2.06003	11.3459


16.0109	19.8268
15.9608	19.9134


6.19902	18.0406
6.28032	18.0988


17.0021	18.0493
17.0903	18.0964


17.3879	4.48135
17.4534	4.55697


4.17962	19.675
4.08481	19.7068


4.08481	19.7068
4.05392	19.8019


18.7597	3.97056
18.8333	4.03834


1.33579	2.53091
1.25922	2.59523


17.1829	19.6853
17.2697	19.6356


13.9109	11.3085
13.9473	11.4017


17.1619	2.41985
17.168	2.32004


15.9583	15.7199
16.0316	15.6519


4.94291	19.3736
4.99019	19.4617


15.263	6.44791
15.2267	6.54108


9.17115	8.46561
9.1982	8.36934


5.44844	16.3649
5.54611	16.3864


5.43609	1.73369
5.33611	1.73194


13.5684	3.04225
13.525	2.95215


7.23163	14.0951
7.24673	13.9963


9.05761	9.39625
8.95888	9.38037


5.87193	3.08882
5.96938	3.06637


16.8681	2.71481
16.7913	2.65075


3.26257	10.6636
3.28146	10.5654


7.41762	11.0683
7.48621	10.9956


15.6293	17.2146
15.7192	17.2582


17.168	2.32004
17.2289	2.24073


13.525	2.95215
13.4571	2.87872


2.53288	2.71316
2.43798	2.74471


2.45337	10.3682
2.47301	10.2701


16.7913	2.65075
16.7532	2.55832


18.8333	4.03834
18.9325	4.05081


6.01068	6.09009
5.96363	6.00185


14.4995	2.55728
14.5286	2.46161


17.2697	19.6356
17.3275	19.7172


3.91511	12.6032
3.83012	12.6559


2.19379	6.73451
2.10744	6.68407


4.05392	19.8019
3.9546	19.7902


14.844	10.2005
14.8756	10.1056


7.59031	8.58397
7.62852	8.67638


4.81244	3.52388
4.82181	3.62344


5.50904	12.3985
5.53914	12.3031


19.6144	16.1877
19.6935	16.1267


18.4802	16.6349
18.4549	16.5382


2.19379	6.73451
2.23237	6.82676


17.3275	19.7172
17.4272	19.7242


17.4272	19.7242
17.5141	19.7738


7.46741	8.29512
7.39148	8.36019


7.24673	13.9963
7.27321	13.8998


18.9325	4.05081
19.0157	4.10624


19.9384	18.4769
19.983	18.5664


17.6872	16.1281
17.6116	16.0626


4.05392	19.8019
4.06448	19.9014


3.83012	12.6559
3.73419	12.6841


14.8587	10.2994
14.9565	10.3206


14.348	5.35199
14.3358	5.25275


15.9608	19.9134
15.874	19.963


6.52338	14.0533
6.53724	13.9543


3.32308	5.24582
3.37361	5.33211


13.4571	2.87872
13.4153	2.78789


15.2267	6.54108
15.2238	6.64104


16.9697	19.363
17.0607	19.3216


6.28032	18.0988
6.30357	18.1961


12.8401	8.01244
12.8497	8.11198


1.94891	1.10952
1.87894	1.03807


5.02705	15.8921
5.03555	15.9918


5.58839	13.4932
5.68046	13.4542


16.129	14.6711
16.1027	14.5747


7.27321	13.8998
7.36201	13.8538


5.21004	14.4338
5.11707	14.4706


6.09322	8.7161
5.99792	8.68582


19.8869	18.3911
19.946	18.3104


10.8611	12.2119
10.7841	12.2756


4.51271	5.01015
4.46777	4.92082


11.4096	10.7555
11.3118	10.7762


3.9546	19.7902
3.86902	19.842


11.5331	10.0593
11.6031	9.98779


5.96938	3.06637
6.04591	3.00201


3.19628	1.8037
3.21928	1.70638


1.76413	9.82402
1.81821	9.73991


14.9575	17.6984
14.8792	17.7607


1.78946	11.3697
1.77876	11.4691


3.52441	9.95273
3.43521	9.90752


4.44526	6.99048
4.41997	7.08723


1.81821	9.73991
1.9182	9.74077


17.2289	2.24073
17.1936	2.14716


5.43881	3.44635
5.49876	3.52639


13.3589	10.5833
13.3705	10.4839


1.62468	10.755
1.52913	10.7845


14.8822	17.0873
14.7845	17.0657


15.6209	17.0541
15.5583	16.9761


18.3932	17.3345
18.3065	17.3844


4.29336	10.4959
4.28486	10.3963


13.6553	5.99718
13.7245	5.92503


15.4496	4.93506
15.4822	5.0296


14.8792	17.7607
14.887	17.8604


17.5141	19.7738
17.542	19.8698


1.81821	9.73991
1.73407	9.68586


8.98426	9.57889
9.04207	9.66049


10.9119	8.34667
11.0029	8.38822


19.983	18.5664
19.9307	18.6516


13.591	13.1223
13.6871	13.0947


5.9784	10.1934
5.92532	10.1086


9.04207	9.66049
8.97705	9.73647


18.8457	2.85009
18.9002	2.76624


15.874	19.963
15.8928	20.0612


14.9565	10.3206
15.0519	10.2907


4.85431	19.42
4.7891	19.3442


4.99019	19.4617
5.07163	19.5198


17.1936	2.14716
17.1226	2.07678


18.6122	17.2642
18.6755	17.3416


4.06448	19.9014
4.11921	19.9851


14.3308	3.86377
14.2651	3.93919


11.6243	11.4554
11.6162	11.5551


1.73407	9.68586
1.68769	9.59727


3.66291	9.64475
3.67501	9.54549


17.168	2.32004
17.0683	2.3276


7.48621	10.9956
7.58561	11.0066


1.88257	3.59356
1.91567	3.4992


1.88257	3.59356
1.80019	3.65025


5.43609	1.73369
5.44601	1.63418


6.28032	18.0988
6.36235	18.0416


15.8928	20.0612
15.8655	20.1574


19.0157	4.10624
19.108	4.14471


13.9473	11.4017
14.0146	11.4756


16.5498	14.2716
16.5723	14.1742


17.542	19.8698
17.6262	19.9238


1.77876	11.4691
1.72411	11.5529


1.68769	9.59727
1.59208	9.56797


2.5296	2.5535
2.45178	2.61629


13.4153	2.78789
13.381	2.69393


7.36201	13.8538
7.46195	13.8503


5.50666	13.5508
5.54277	13.6441


8.97705	9.73647
8.97667	9.83647


15.8655	20.1574
15.8017	20.2345


4.11921	19.9851
4.16685	20.073


17.542	19.8698
17.493	19.957


19.6935	16.1267
19.7836	16.1701


3.67764	9.8249
3.77428	9.7992


17.0903	18.0964
17.1878	18.0741


11.3118	10.7762
11.2136	10.7574


8.97667	9.83647
8.98591	9.93604


14.0362	10.6746
14.0076	10.7704


13.381	2.69393
13.3472	2.59982


14.0146	11.4756
14.1139	11.4866


10.9603	12.2246
10.9841	12.3218


16.6898	18.3467
16.5951	18.3788


17.1936	2.14716
17.2666	2.07879


3.86902	19.842
3.78587	19.8975


19.052	17.0569
19.152	17.0571


3.78587	19.8975
3.73952	19.9861


5.79404	6.69494
5.89397	6.69868


15.263	6.44791
15.3613	6.46617


3.26257	10.6636
3.22069	10.5728


4.97245	11.7826
4.88208	11.8255


14.887	17.8604
14.8078	17.9214


5.22722	2.84023
5.15323	2.77296


18.9002	2.76624
18.9049	2.66635


3.73952	19.9861
3.71959	20.0841


0.936166	1.72609
0.879649	1.6436


15.0519	10.2907
15.1323	10.3501


5.17774	19.087
5.27542	19.0656


6.36235	18.0416
6.41508	17.9567


2.23237	6.82676
2.16253	6.89834


13.2763	5.47069
13.2354	5.37945


18.3932	17.3345
18.4312	17.4269


15.3613	6.46617
15.4552	6.43192


3.40752	3.64673
3.32959	3.70939


1.59208	9.56797
1.51896	9.49974


6.30357	18.1961
6.29916	18.296


10.0318	9.88097
9.93378	9.86113


10.7841	12.2756
10.7183	12.2003


19.7836	16.1701
19.8772	16.2054


9.04207	9.66049
9.1132	9.73077


17.8496	16.7136
17.9084	16.6328


3.99101	4.4423
4.0711	4.38243


17.4534	4.55697
17.5189	4.63254


11.6031	9.98779
11.6464	9.89769


10.3783	8.61903
10.3227	8.53593


4.46777	4.92082
4.53348	4.84544


14.4811	15.4902
14.4567	15.5872


3.87253	3.77342
3.94218	3.84518


5.89427	13.8484
5.93161	13.7556


13.3472	2.59982
13.4042	2.51767


1.50781	2.36847
1.58828	2.42784


14.5286	2.46161
14.5219	2.36183


18.9049	2.66635
18.9165	2.56703


17.3005	14.2082
17.3811	14.2675


19.6935	16.1267
19.6691	16.0297


1.51896	9.49974
1.53455	9.40096


13.3705	10.4839
13.3615	10.3843


0.879649	1.6436
0.838824	1.55231


5.07163	19.5198
5.16448	19.5569


8.98426	9.57889
8.89147	9.61618


17.12	2.61191
17.1146	2.71177


10.9841	12.3218
10.9917	12.4215


5.67474	5.13947
5.77318	5.12189


19.108	4.14471
19.2053	4.16774


14.5219	2.36183
14.4988	2.26453


13.3615	10.3843
13.3474	10.2853


4.61623	3.41238
4.68239	3.3374


5.31723	13.615
5.35228	13.5213


13.0079	6.91341
12.954	6.99759


6.52338	14.0533
6.50314	14.1513


0.838824	1.55231
0.739423	1.56324


16.9327	17.7633
16.844	17.8094


6.41508	17.9567
6.51489	17.9628


2.10744	6.68407
2.00806	6.69515


7.46195	13.8503
7.55732	13.8804


18.9165	2.56703
18.8957	2.46923


0.838824	1.55231
0.863295	1.45535


4.96885	6.33678
4.86993	6.32211


15.0501	17.5285
14.9581	17.4893


15.8017	20.2345
15.7092	20.2723


10.7841	12.2756
10.7098	12.3426


1.80019	3.65025
1.72246	3.71317


10.7183	12.2003
10.6187	12.1915


3.73952	19.9861
3.64158	19.9659


16.0872	19.7621
16.032	19.6787


4.55367	10.5993
4.49271	10.6786


10.7841	12.2756
10.7552	12.3714


5.16448	19.5569
5.18845	19.654


15.2267	6.54108
15.1267	6.54431


3.64158	19.9659
3.54249	19.9525


15.1117	4.12134
15.0379	4.05386


14.5286	2.46161
14.624	2.49156


17.6116	16.0626
17.5624	15.9756


5.77318	5.12189
5.86385	5.0797


5.8124	9.4869
5.77108	9.39584


15.1323	10.3501
15.1708	10.4425


15.7092	20.2723
15.61	20.2598


0.932355	1.90024
0.853752	1.96206


16.5051	16.0962
16.4669	16.0037


1.9182	9.74077
2.01499	9.71562


1.25922	2.59523
1.18245	2.65932


7.36201	13.8538
7.32419	13.7613


18.8957	2.46923
18.8878	2.36954


3.73419	12.6841
3.63426	12.6805


5.25187	9.2739
5.20217	9.36067


17.6262	19.9238
17.722	19.8952


5.18845	19.654
5.2828	19.6871


17.1226	2.07678
17.06	1.99877


9.82081	8.80978
9.72488	8.78154


13.731	3.41657
13.6876	3.50664


13.7604	3.07593
13.7489	3.17526


17.722	19.8952
17.8061	19.9492


16.4669	16.0037
16.4007	15.9288


5.44601	1.63418
5.37185	1.56709


2.32703	10.4964
2.27193	10.5799


6.41668	10.9948
6.3167	10.9927


5.54611	16.3864
5.64036	16.353


17.5189	4.63254
17.6012	4.68933


4.33862	5.59334
4.30336	5.68691


14.7845	17.0657
14.697	17.1141


3.71959	20.0841
3.66951	20.1707


4.41997	7.08723
4.37928	7.17858


2.00806	6.69515
1.93051	6.63202


19.9307	18.6516
19.9569	18.7481


2.1206	5.10855
2.12834	5.00886


9.99321	8.91104
10.0022	8.81145


14.1663	2.80536
14.0929	2.87323


13.2587	5.78293
13.1725	5.83365


18.8878	2.36954
18.9584	2.2987


1.51896	9.49974
1.4273	9.53972


3.66951	20.1707
3.60197	20.2444


18.585	3.87333
18.5237	3.95235


15.61	20.2598
15.5153	20.2918


1.72246	3.71317
1.6235	3.69878


17.6012	4.68933
17.6673	4.76435


19.8772	16.2054
19.9724	16.2357


5.33611	1.73194
5.23611	1.73219


19.9724	16.2357
20.0352	16.1579


18.9165	2.56703
19.0159	2.57791


1.72411	11.5529
1.62889	11.5223


11.958	10.3396
12.0149	10.2574


17.8061	19.9492
17.8697	20.0263


5.23611	1.73219
5.14968	1.68189


6.29916	18.296
6.39465	18.3257


14.624	2.49156
14.7042	2.55124


16.7322	19.3482
16.8321	19.3436


19.2053	4.16774
19.2788	4.23558


17.2697	19.6356
17.3319	19.5573


17.8697	20.0263
17.8766	20.1261


5.17145	5.10118
5.07841	5.06453


14.211	13.892
14.2203	13.7924


10.6187	12.1915
10.6113	12.0918


14.4811	15.4902
14.3853	15.4615


12.8497	8.11198
12.8803	8.20719


5.18845	19.654
5.12731	19.7331


5.12731	19.7331
5.11959	19.8328


1.93051	6.63202
1.83482	6.66108


15.5153	20.2918
15.419	20.3189


12.8803	8.20719
12.9802	8.21011


13.5202	13.6185
13.5675	13.7067


15.4552	6.43192
15.5547	6.42185


15.7092	20.2723
15.7493	20.364


11.0029	8.38822
11.0822	8.44914


15.419	20.3189
15.3424	20.3832


19.2788	4.23558
19.353	4.30257


15.1708	10.4425
15.1629	10.5421


15.3424	20.3832
15.244	20.3656


3.60187	10.016
3.68211	9.95631


17.6673	4.76435
17.7372	4.83589


6.44398	10.1704
6.4293	10.0715


19.6691	16.0297
19.6056	15.9524


14.1855	5.35035
14.0904	5.31956


4.27714	3.0254
4.17802	3.0122


14.8078	17.9214
14.7085	17.9092


3.63426	12.6805
3.558	12.6158


15.1708	10.4425
15.2706	10.4473


10.9917	12.4215
11.0801	12.4683


20.0352	16.1579
20.0853	16.0713


1.83482	6.66108
1.75926	6.72658


14.3853	15.4615
14.2974	15.5091


6.54213	10.1512
6.53322	10.0516


17.493	19.957
17.4965	20.0569


3.29961	3.16578
3.33634	3.07277


20.0853	16.0713
20.129	15.9814


5.2828	19.6871
5.35926	19.7515


11.0822	8.44914
11.1172	8.54281


14.0904	5.31956
14.0147	5.25421


18.696	3.67643
18.7834	3.62781


18.3065	17.3844
18.2409	17.4598


18.2409	17.4598
18.2614	17.5577


3.13383	6.14938
3.23087	6.1735


15.5583	16.9761
15.4912	16.902


3.60197	20.2444
3.5121	20.2883


5.22131	10.1117
5.12666	10.0795


17.06	1.99877
17.0039	1.91601


10.6113	12.0918
10.5167	12.0592


17.4965	20.0569
17.4704	20.1535


7.11437	14.3196
7.10387	14.4191


14.7197	14.2664
14.7949	14.3324


15.0379	4.05386
15.0405	3.95389


1.75926	6.72658
1.66938	6.77043


15.5547	6.42185
15.6229	6.49503


3.54249	19.9525
3.44377	19.9365


14.697	17.1141
14.5982	17.0987


14.2203	13.7924
14.2612	13.7012


16.7418	19.0064
16.6447	18.9827


1.68852	10.6781
1.64714	10.587


2.68858	6.43301
2.75033	6.51167


19.9569	18.7481
20.0371	18.8079


5.96768	6.26865
6.05017	6.32517


15.244	20.3656
15.152	20.4048


3.5121	20.2883
3.4858	20.3848


13.4549	12.6045
13.5105	12.5214


18.9584	2.2987
19.0572	2.28345


17.3209	14.0371
17.4133	14.0753


14.2651	3.93919
14.1714	3.97392


12.9802	8.21011
13.0703	8.25347


17.8766	20.1261
17.9763	20.1332


3.21928	1.70638
3.23109	1.60708


4.88554	3.12648
4.87046	3.02763


10.5167	12.0592
10.4287	12.0117


10.3227	8.53593
10.2989	8.43879


17.4133	14.0753
17.4766	13.9979


8.89147	9.61618
8.79157	9.62048


3.23087	6.1735
3.33082	6.17675


20.0371	18.8079
20.0497	18.9071


13.6871	13.0947
13.7867	13.1029


19.6056	15.9524
19.5496	15.8696


5.64036	16.353
5.73973	16.3417


13.3474	10.2853
13.3292	10.187


16.5951	18.3788
16.5113	18.3242


13.5565	14.0927
13.4608	14.1216


10.4287	12.0117
10.3414	12.0604


3.4858	20.3848
3.39049	20.415


18.9584	2.2987
18.9034	2.21518


16.8301	16.8447
16.748	16.9017


4.82181	3.62344
4.88951	3.69704


17.9763	20.1332
18.0132	20.2262


5.96363	6.00185
6.05111	5.95341


20.129	15.9814
20.2289	15.9768


1.4273	9.53972
1.33625	9.49837


5.44601	1.63418
5.54292	1.60952


1.66938	6.77043
1.58381	6.71869


4.28486	10.3963
4.31541	10.3011


3.23109	1.60708
3.24752	1.50844


11.0801	12.4683
11.1219	12.5591


15.6229	6.49503
15.7147	6.45533


14.2203	13.7924
14.1226	13.8139


6.51489	17.9628
6.61326	17.9808


13.4571	2.87872
13.3722	2.93148


7.58561	11.0066
7.64087	11.0899


15.152	20.4048
15.0584	20.4401


5.06569	15.6061
5.11532	15.6929


2.01499	9.71562
2.06109	9.62688


16.5498	14.2716
16.4525	14.2948


1.52913	10.7845
1.42917	10.7815


15.2636	13.0149
15.1797	12.9605


0.863295	1.45535
0.83631	1.35906


8.98591	9.93604
8.96809	10.0344


19.0159	2.57791
19.0975	2.63583


10.5167	12.0592
10.5596	11.9689


1.87894	1.03807
1.9022	0.94081


4.37928	7.17858
4.28643	7.21572


15.6229	6.49503
15.6417	6.59325


15.2706	10.4473
15.357	10.3969


20.2289	15.9768
20.3281	15.9645


20.0497	18.9071
20.1249	18.9731


3.558	12.6158
3.4917	12.6906


14.7085	17.9092
14.6723	18.0024


14.6723	18.0024
14.6105	18.081


13.3292	10.187
13.3637	10.0931


5.54292	1.60952
5.56361	1.51169


16.6898	18.3467
16.721	18.2517


17.3811	14.2675
17.4751	14.3015


5.14968	1.68189
5.05138	1.66353


7.39148	8.36019
7.3122	8.42114


14.7042	2.55124
14.8039	2.54329


1.9022	0.94081
1.82671	0.87523


19.7836	16.1701
19.8068	16.2674


12.9227	11.5735
12.832	11.5314


14.8756	10.1056
14.8578	10.0072


15.7192	17.2582
15.8189	17.2502


14.4988	2.26453
14.5595	2.18504


3.26904	1.87231
3.34679	1.93519


3.44377	19.9365
3.34999	19.9018


4.71475	12.6261
4.80052	12.6775


0.853752	1.96206
0.785862	2.03548


0.785862	2.03548
0.68769	2.05451


2.75177	2.51256
2.85176	2.51163


17.0039	1.91601
17.0621	1.83467


13.4042	2.51767
13.3544	2.43097


5.15323	2.77296
5.12252	2.67779


20.1249	18.9731
20.1788	19.0573


11.3428	11.5486
11.247	11.52


5.86385	5.0797
5.96263	5.09524


5.85517	10.3052
5.79722	10.3866


7.64087	11.0899
7.65551	11.1888


20.1788	19.0573
20.1628	19.156


15.0584	20.4401
14.9596	20.4555


20.3281	15.9645
20.387	15.8837


1.18245	2.65932
1.09147	2.70081


16.6447	18.9827
16.5586	18.9319


3.4917	12.6906
3.48598	12.7905


5.39186	15.5431
5.32358	15.6162


13.3615	10.3843
13.2645	10.3599


3.34999	19.9018
3.25066	19.8902


3.14635	5.01495
3.10798	4.9226


0.83631	1.35906
0.819686	1.26045


19.0572	2.28345
19.1569	2.27554


5.56361	1.51169
5.60184	1.41929


5.60184	1.41929
5.5511	1.33312


13.3472	2.59982
13.2603	2.55037


2.12834	5.00886
2.09923	4.91319


15.7493	20.364
15.8231	20.4314


18.4486	16.7298
18.5469	16.7481


3.39049	20.415
3.41173	20.5128


13.3544	2.43097
13.3107	2.34101


4.55367	10.5993
4.45418	10.6094


15.7147	6.45533
15.805	6.49814


8.61993	8.68048
8.65528	8.77403


16.5723	14.1742
16.5118	14.0946


7.55732	13.8804
7.65153	13.8468


19.1569	2.27554
19.2394	2.21899


16.7532	2.55832
16.6703	2.50241


4.79917	6.67337
4.85133	6.75869


20.1628	19.156
20.228	19.2319


5.67474	5.13947
5.66101	5.04042


17.0683	2.3276
16.9788	2.28295


20.228	19.2319
20.3039	19.297


1.72411	11.5529
1.6854	11.6451


4.87046	3.02763
4.96672	3.05471


3.25066	19.8902
3.15628	19.9232


14.6105	18.081
14.639	18.1769


12.1902	8.40094
12.127	8.47849


1.33625	9.49837
1.24283	9.53402


20.387	15.8837
20.4862	15.897


1.62889	11.5223
1.53311	11.5511


3.33082	6.17675
3.32111	6.27628


16.1579	19.8446
16.246	19.892


5.5614	17.4807
5.63221	17.4101


20.3039	19.297
20.2941	19.3965


2.59143	2.63209
2.63809	2.72054


13.0711	11.6099
13.1698	11.6257


1.6854	11.6451
1.71611	11.7403


5.69802	13.8788
5.65085	13.9669


15.805	6.49814
15.9047	6.49052


3.66951	20.1707
3.76946	20.1739


18.0132	20.2262
18.0348	20.3238


14.7313	14.5377
14.6624	14.6102


9.71258	8.99944
9.74708	9.0933


15.1629	10.5421
15.205	10.6329


3.15628	19.9232
3.05659	19.9154


3.42253	11.0203
3.47992	11.1022


1.71611	11.7403
1.69861	11.8387


5.63553	2.9676
5.70951	2.90032


13.3637	10.0931
13.3752	9.9938


1.6235	3.69878
1.55055	3.76717


6.39465	18.3257
6.47602	18.3838


3.24752	1.50844
3.27526	1.41236


12.6593	12.7764
12.5729	12.8268


20.2941	19.3965
20.317	19.4938


1.24283	9.53402
1.17819	9.45772


7.62852	8.67638
7.63847	8.77588


5.60184	1.41929
5.688	1.36852


19.2394	2.21899
19.3387	2.23081


20.0497	18.9071
19.964	18.9587


2.49601	5.9244
2.50315	5.82466


4.28643	7.21572
4.2708	7.31449


19.353	4.30257
19.4477	4.27033


6.04591	3.00201
6.13847	3.03986


4.21718	19.5824
4.15363	19.5052


16.6703	2.50241
16.5978	2.57128


18.9069	16.9197
18.8933	16.8206


5.54032	2.36494
5.63853	2.38378


2.09923	4.91319
2.00041	4.89787


14.8039	2.54329
14.9039	2.54586


15.8189	17.2502
15.825	17.3501


15.8231	20.4314
15.8046	20.5297


3.47992	11.1022
3.45586	11.1993


7.65153	13.8468
7.73718	13.7952


10.3414	12.0604
10.255	12.01


15.8558	15.9026
15.7559	15.9032


14.5982	17.0987
14.5345	17.0216


20.3039	19.297
20.3977	19.2623


13.5565	14.0927
13.4587	14.1134


9.81785	8.42552
9.86974	8.34004


5.4334	14.255
5.33345	14.2581


3.41173	20.5128
3.33825	20.5806


13.6763	7.29065
13.7632	7.34006


14.5982	17.0987
14.5361	17.1771


2.67949	5.85593
2.6303	5.76887


1.69861	11.8387
1.76665	11.912


11.4111	10.2082
11.3427	10.2811


2.00041	4.89787
1.90078	4.90646


15.3151	14.7875
15.322	14.6878


20.4862	15.897
20.5435	15.8151


11.1219	12.5591
11.1809	12.6399


6.41915	11.1803
6.3396	11.2409


20.4862	15.897
20.5625	15.9615


19.4477	4.27033
19.4689	4.17261


3.27526	1.41236
3.25368	1.31472


6.61326	17.9808
6.70436	17.9395


17.7372	4.83589
17.8077	4.90674


5.35926	19.7515
5.43279	19.8193


11.1172	8.54281
11.0264	8.58465


18.9034	2.21518
18.9042	2.11518


20.3977	19.2623
20.4971	19.2519


5.29014	15.0218
5.39007	15.0255


17.4766	13.9979
17.5555	13.9365


6.91137	10.7727
6.96504	10.6883


20.5435	15.8151
20.6415	15.7948


16.5586	18.9319
16.4696	18.8861


1.90078	4.90646
1.89164	4.80688


11.1219	12.5591
11.0459	12.6241


14.9596	20.4555
14.8807	20.5169


13.3752	9.9938
13.2776	9.97166


1.69861	11.8387
1.61637	11.8956


5.90417	18.1394
5.88243	18.237


11.1809	12.6399
11.1444	12.733


3.74075	10.6923
3.78921	10.7798


3.24405	10.9956
3.19281	11.0815


19.3387	2.23081
19.4349	2.25794


5.12666	10.0795
5.0313	10.0493


5.43279	19.8193
5.43004	19.9193


6.13847	3.03986
6.21973	3.09815


11.0264	8.58465
10.989	8.49188


5.43004	19.9193
5.50734	19.9827


20.317	19.4938
20.3772	19.5736


6.09322	8.7161
6.06972	8.8133


2.99368	3.42967
2.95579	3.52221


14.8807	20.5169
14.7958	20.5696


17.5624	15.9756
17.6239	15.8968


1.88257	3.59356
1.80943	3.52537


5.688	1.36852
5.78558	1.34664


2.23237	6.82676
2.3138	6.76872


13.4647	10.9425
13.4164	11.03


5.73973	16.3417
5.83871	16.356


5.02759	13.2034
4.9402	13.1548


5.34102	11.2102
5.44096	11.2065


5.96263	5.09524
6.05838	5.12407


17.4704	20.1535
17.4581	20.2527


3.82409	4.22828
3.92213	4.24798


17.4751	14.3015
17.573	14.322


5.97699	13.9046
5.95529	14.0022


13.3107	2.34101
13.3127	2.24103


16.5118	14.0946
16.5807	14.0221


19.4689	4.17261
19.5689	4.17358


6.21973	3.09815
6.27542	3.01509


14.7224	4.9828
14.7713	5.07005


18.0348	20.3238
17.9784	20.4064


19.2495	17.5577
19.3004	17.4716


5.39007	15.0255
5.48952	15.036


14.2974	15.5091
14.1981	15.4971


14.5595	2.18504
14.596	2.09193


13.9555	10.2144
13.8828	10.1457


14.2918	3.04834
14.2277	3.12514


1.17819	9.45772
1.08759	9.4154


15.357	10.3969
15.4307	10.3293


16.9239	14.3031
16.982	14.3845


13.3127	2.24103
13.3896	2.1771


17.0621	1.83467
17.0302	1.7399


5.08615	9.22224
5.17029	9.27627


5.5511	1.33312
5.48551	1.25764


17.573	14.322
17.6719	14.3073


17.4581	20.2527
17.5309	20.3212


7.63847	8.77588
7.54389	8.80834


13.3896	2.1771
13.4159	2.0806


2.06109	9.62688
2.1589	9.60607


5.27542	19.0656
5.37495	19.056


18.9042	2.11518
18.9189	2.01627


11.4779	10.9341
11.3956	10.8772


2.81124	5.92524
2.72078	5.8826


15.4912	16.902
15.4414	16.8153


19.353	4.30257
19.31	4.39283


15.322	14.6878
15.2736	14.6003


3.25368	1.31472
3.30681	1.23


1.42917	10.7815
1.33217	10.7572


1.53311	11.5511
1.43504	11.5706


12.0149	10.2574
12.0476	10.1629


17.6719	14.3073
17.7718	14.3032


14.596	2.09193
14.6557	2.01168


5.3254	17.9502
5.23073	17.9179


5.83871	16.356
5.93871	16.3563


3.30681	1.23
3.36074	1.14579


10.7552	12.3714
10.7371	12.4697


1.66938	6.77043
1.6423	6.86669


17.9084	16.6328
17.9983	16.6765


3.33825	20.5806
3.24448	20.6153


17.0302	1.7399
17.0994	1.66775


17.1878	18.0741
17.2524	18.1505


5.93871	16.3563
6.03259	16.3219


17.3356	3.56223
17.3504	3.66114


19.4349	2.25794
19.5044	2.18607


19.5496	15.8696
19.4701	15.8089


19.5044	2.18607
19.527	2.08866


15.6417	6.59325
15.6743	6.68778


14.6105	18.081
14.53	18.0218


15.4307	10.3293
15.5234	10.2919


17.8077	4.90674
17.7601	4.99464


4.2708	7.31449
4.21266	7.39585


1.71611	11.7403
1.7906	11.807


10.2989	8.43879
10.2914	8.33908


6.05111	5.95341
6.03202	5.85525


13.2776	9.97166
13.1837	9.93729


15.8046	20.5297
15.8273	20.627


13.5202	13.6185
13.4208	13.6077


15.205	10.6329
15.2714	10.7076


14.8578	10.0072
14.8865	9.91144


5.22125	13.1831
5.3209	13.1915


16.9816	17.8505
17.0732	17.8104


3.33634	3.07277
3.34962	2.97365


10.7183	12.2003
10.7404	12.1027


18.0348	20.3238
18.1166	20.3814


19.4349	2.25794
19.5065	2.32774


5.0313	10.0493
4.93276	10.0323


17.0459	17.4014
17.1384	17.4395


3.09381	10.6074
3.06023	10.5132


20.4971	19.2519
20.5713	19.1849


20.1788	19.0573
20.2023	19.1545


2.95579	3.52221
3.05086	3.55322


19.946	18.3104
20.0338	18.2626


3.34962	2.97365
3.34291	2.87388


20.6415	15.7948
20.6317	15.6953


10.1232	9.1976
10.0238	9.18638


4.28643	7.21572
4.19694	7.1711


10.7371	12.4697
10.6465	12.5121


8.79157	9.62048
8.69739	9.6541


16.9658	3.56234
16.88	3.51098


20.3772	19.5736
20.4488	19.6435


14.7958	20.5696
14.6959	20.5754


15.2636	13.0149
15.33	12.9401


17.3319	19.5573
17.3922	19.4775


15.7147	6.45533
15.7307	6.35661


16.982	14.3845
17.0223	14.476


3.05659	19.9154
2.96661	19.959


17.0994	1.66775
17.1384	1.57568


13.1725	5.83365
13.0732	5.82217


17.1384	1.57568
17.2061	1.50203


5.93871	16.3563
5.97417	16.4498


17.2061	1.50203
17.2703	1.42538


19.9724	16.2357
20.0287	16.3184


15.1162	14.8079
15.0212	14.8391


2.31656	10.6883
2.36887	10.7735


15.9047	6.49052
15.9844	6.55099


5.77359	6.91643
5.79355	7.01442


18.2614	17.5577
18.2839	17.6551


13.0732	5.82217
13.001	5.75299


13.3722	2.93148
13.2812	2.97296


1.08759	9.4154
1.07653	9.31602


3.67501	9.54549
3.75098	9.48047


15.5234	10.2919
15.6209	10.2695


3.45586	11.1993
3.50308	11.2874


6.4293	10.0715
6.34711	10.0145


14.6959	20.5754
14.629	20.6497


13.2354	5.37945
13.1552	5.3197


19.527	2.08866
19.6265	2.0784


2.11442	5.99466
2.02344	5.95317


3.24448	20.6153
3.16386	20.6745


3.48598	12.7905
3.4622	12.8876


3.57992	4.1492
3.48014	4.15576


14.1981	15.4971
14.1151	15.5529


17.4538	16.835
17.4802	16.9315


5.89397	6.69868
5.86178	6.604


15.6209	10.2695
15.6981	10.333


5.50734	19.9827
5.50305	20.0826


4.88208	11.8255
4.78373	11.8074


19.31	4.39283
19.3512	4.48393


3.25066	19.8902
3.2565	19.7904


6.97686	6.81551
6.89419	6.75925


10.8845	9.81508
10.9382	9.73073


11.2136	10.7574
11.1174	10.7846


17.1226	2.07678
17.1645	1.98597


5.13141	12.6756
5.03146	12.6724


19.5392	16.2537
19.4516	16.2053


1.61637	11.8956
1.58319	11.9899


5.11539	12.387
5.14974	12.2931


11.2136	10.7574
11.1654	10.6698


6.03259	16.3219
6.13029	16.3006


13.1552	5.3197
13.1142	5.22849


5.23073	17.9179
5.17065	17.838


5.50305	20.0826
5.54054	20.1754


5.48551	1.25764
5.41368	1.18806


1.08759	9.4154
1.00881	9.477


14.629	20.6497
14.5564	20.5808


14.629	20.6497
14.5614	20.7234


12.5729	12.8268
12.5214	12.9125


14.8263	14.0972
14.7602	14.0221


17.7601	4.99464
17.8204	5.07437


18.2839	17.6551
18.3215	17.7478


13.7632	7.34006
13.7147	7.42752


20.5713	19.1849
20.6473	19.1198


3.75098	9.48047
3.72046	9.38524


13.1837	9.93729
13.1414	9.8467


6.70436	17.9395
6.79824	17.9051


5.78558	1.34664
5.68962	1.31849


5.07841	5.06453
5.06966	4.96491


15.4414	16.8153
15.4345	16.7155


5.78558	1.34664
5.84219	1.26421


18.1166	20.3814
18.1499	20.4757


14.6953	14.4445
14.6492	14.3557


4.49271	10.6786
4.45553	10.7714


14.6557	2.01168
14.6549	1.91168


17.8204	5.07437
17.8917	5.14454


2.96661	19.959
2.87278	19.9244


20.6415	15.7948
20.658	15.8934


11.5063	10.7299
11.5682	10.6514


3.23087	6.1735
3.24515	6.07453


10.0995	9.29475
10.1543	9.37839


6.89419	6.75925
6.83225	6.68074


10.4056	9.34314
10.4413	9.24975


18.9189	2.01627
18.8919	1.91997


7.10387	14.4191
7.16601	14.4974


6.13029	16.3006
6.19716	16.3749


13.7632	7.34006
13.8505	7.29135


15.1797	12.9605
15.0831	12.9348


1.55055	3.76717
1.48391	3.84173


1.58319	11.9899
1.58322	12.0899


19.5689	4.17358
19.6402	4.24371


14.366	3.95736
14.3369	4.05301


14.6549	1.91168
14.6789	1.8146


3.4622	12.8876
3.46639	12.9875


13.4587	14.1134
13.3982	14.0338


3.16386	20.6745
3.0783	20.7262


20.4488	19.6435
20.5458	19.6678


1.58381	6.71869
1.48558	6.69995


12.6868	7.88738
12.7257	7.79527


1.53455	9.40096
1.53579	9.30097


15.8116	15.813
15.7219	15.7686


15.6209	10.2695
15.645	10.1724


6.19716	16.3749
6.25654	16.4554


13.0703	8.25347
12.9843	8.20258


7.65551	11.1888
7.75469	11.2016


13.0732	5.82217
13.0825	5.92173


19.3512	4.48393
19.3922	4.57516


10.6465	12.5121
10.553	12.5475


5.93161	13.7556
5.98787	13.673


4.65917	19.449
4.59177	19.3751


5.27861	5.80427
5.3728	5.77068


19.3922	4.57516
19.3196	4.64392


3.4858	20.3848
3.56546	20.4452


5.60799	12.413
5.69002	12.4701


3.0783	20.7262
3.08858	20.8257


6.47602	18.3838
6.49221	18.4825


7.73718	13.7952
7.82179	13.7419


14.5614	20.7234
14.5266	20.8172


19.6265	2.0784
19.7077	2.01998


11.0459	12.6241
10.9486	12.6009


6.6755	8.66348
6.59734	8.72586


17.9983	16.6765
17.9821	16.7752


19.7077	2.01998
19.8077	2.02087


20.6317	15.6953
20.6709	15.6033


17.5555	13.9365
17.637	13.8785


1.90078	4.90646
1.81755	4.9619


8.69739	9.6541
8.60138	9.68209


18.8919	1.91997
18.874	1.82158


2.87278	19.9244
2.77556	19.9478


2.32659	6.5969
2.3098	6.49832


6.82948	10.8301
6.77222	10.7481


2.77556	19.9478
2.69673	20.0093


3.08858	20.8257
3.00744	20.8842


6.49221	18.4825
6.55916	18.5568


19.6402	4.24371
19.7183	4.30619


15.874	19.963
15.7742	19.9565


2.17815	3.57726
2.16102	3.47874


16.7917	4.29335
16.8224	4.38851


15.152	20.4048
15.0758	20.34


6.79824	17.9051
6.8919	17.8701


15.9844	6.55099
16.0262	6.64185


4.2708	7.31449
4.35576	7.36723


7.22888	11.1344
7.21455	11.2334


5.88243	18.237
5.89911	18.3356


3.00744	20.8842
3.04593	20.9765


16.0262	6.64185
16.1213	6.67248


15.33	12.9401
15.4297	12.9478


19.5046	18.1849
19.4143	18.2278


16.5807	14.0221
16.5108	13.9506


1.48391	3.84173
1.40556	3.90387


15.7559	15.9032
15.6572	15.9194


2.10955	1.13766
2.20862	1.12409


6.55916	18.5568
6.59875	18.6486


7.75469	11.2016
7.7411	11.3007


5.21678	14.7068
5.31668	14.7024


3.46639	12.9875
3.38642	13.0476


10.6464	8.33017
10.553	8.3659


11.1444	12.733
11.097	12.8211


19.8077	2.02087
19.9044	2.0462


18.3215	17.7478
18.2276	17.782


17.043	3.03951
16.9537	3.08442


15.7742	19.9565
15.7113	19.8787


4.22245	5.02766
4.12926	5.06393


19.4701	15.8089
19.3728	15.786


14.639	18.1769
14.5546	18.2306


16.2452	19.5761
16.1901	19.4927


4.16685	20.073
4.20234	20.1665


13.7867	13.1029
13.8444	13.0212


4.52592	12.6689
4.54585	12.7669


14.6789	1.8146
14.7041	1.71782


7.82179	13.7419
7.92108	13.73


14.5546	18.2306
14.455	18.2389


13.0703	8.25347
13.1658	8.28317


5.49876	3.52639
5.59826	3.53641


18.874	1.82158
18.9127	1.72937


6.77222	10.7481
6.68747	10.8012


19.8077	2.02087
19.8107	1.92091


7.63847	8.77588
7.67381	8.86943


19.4143	18.2278
19.3519	18.3059


18.874	1.82158
18.7769	1.79765


14.7041	1.71782
14.6686	1.62433


13.8505	7.29135
13.9505	7.29147


1.77423	1.36564
1.6926	1.30787


20.6709	15.6033
20.703	15.5086


1.07653	9.31602
1.01309	9.23872


17.1483	16.4604
17.1717	16.3631


16.8239	14.3002
16.8226	14.2002


13.1142	5.22849
13.1168	5.12852


15.645	10.1724
15.6623	10.074


6.03728	7.83709
6.03824	7.93708


15.2714	10.7076
15.2893	10.806


20.703	15.5086
20.7683	15.4328


4.59177	19.3751
4.51431	19.3119


4.51629	5.37286
4.48368	5.46739


17.0302	1.7399
16.9393	1.69811


14.5564	20.5808
14.5317	20.484


17.2703	1.42538
17.215	1.34209


4.88208	11.8255
4.86906	11.9246


17.5309	20.3212
17.5013	20.4167


4.21266	7.39585
4.2043	7.4955


4.06448	19.9014
4.08561	19.9991


6.03202	5.85525
6.04596	5.75622


14.5266	20.8172
14.4558	20.8878


5.5566	18.1316
5.54597	18.231


5.54054	20.1754
5.50415	20.2685


19.6057	17.7113
19.617	17.612


16.1213	6.67248
16.1294	6.77216


5.03146	12.6724
4.96246	12.6


9.1132	9.73077
9.18064	9.80461


2.12762	3.79789
2.19538	3.87144


12.5214	12.9125
12.5267	13.0123


4.2043	7.4955
4.26537	7.57469


1.68852	10.6781
1.70288	10.777


13.7942	10.4545
13.738	10.3718


10.2312	8.7507
10.2353	8.85062


18.9042	2.11518
18.8058	2.09723


20.7683	15.4328
20.7511	15.3343


3.80113	4.55109
3.70442	4.57652


4.97685	9.06633
4.91176	8.99042


17.2211	14.0431
17.2225	13.9432


17.9763	20.1332
18.0546	20.071


17.8917	5.14454
17.9109	5.24268


4.91176	8.99042
4.84695	8.91426


15.8273	20.627
15.9128	20.6788


9.1982	8.36934
9.29055	8.33099


8.61993	8.68048
8.52295	8.70486


4.88951	3.69704
4.81891	3.76786


6.48575	8.32127
6.38625	8.31133


7.75469	11.2016
7.84632	11.1616


16.8609	3.70385
16.803	3.62226


3.38642	13.0476
3.28831	13.0669


2.69673	20.0093
2.60872	20.0568


6.25654	16.4554
6.35623	16.4632


14.6789	1.8146
14.7767	1.83545


15.2877	13.4166
15.3855	13.3961


19.7183	4.30619
19.7985	4.36588


9.18064	9.80461
9.27511	9.83742


18.8333	4.03834
18.7756	4.12005


5.84219	1.26421
5.93862	1.29071


7.92108	13.73
7.94386	13.6326


1.89164	4.80688
1.81082	4.74799


19.7985	4.36588
19.8879	4.32102


18.1499	20.4757
18.1188	20.5707


5.86939	10.0401
5.91133	9.9493


13.4159	2.0806
13.3709	1.9913


5.69002	12.4701
5.77283	12.4141


5.4832	15.5838
5.58271	15.5936


19.6057	17.7113
19.7049	17.7233


19.3196	4.64392
19.3651	4.73293


1.00881	9.477
0.928582	9.53669


13.7147	7.42752
13.756	7.51859


20.5625	15.9615
20.5783	16.0603


1.40556	3.90387
1.33083	3.97032


4.93276	10.0323
4.8346	10.0132


17.0607	19.3216
17.0173	19.2316


5.93862	1.29071
6.02786	1.2456


13.2979	6.56097
13.2018	6.53323


16.5978	2.57128
16.5325	2.49551


19.8107	1.92091
19.8412	1.8257


15.9128	20.6788
16.0018	20.7244


6.61326	17.9808
6.65731	18.0706


2.3138	6.76872
2.37809	6.84532


1.48558	6.69995
1.41979	6.77527


17.3879	4.48135
17.3624	4.57803


1.53579	9.30097
1.5933	9.21916


20.6473	19.1198
20.7406	19.1558


5.52517	5.22518
5.6002	5.29129


20.0338	18.2626
20.1099	18.3274


20.7511	15.3343
20.7613	15.2348


6.59875	18.6486
6.66528	18.7232


15.7284	4.78628
15.7614	4.88069


3.34291	2.87388
3.33958	2.77394


3.54249	19.9525
3.55141	19.8529


1.6926	1.30787
1.60371	1.26206


5.74496	7.94235
5.696	8.02954


15.5153	20.2918
15.4702	20.2026


15.6981	10.333
15.7625	10.4095


18.9127	1.72937
18.9761	1.652


14.9039	2.54586
14.9986	2.57781


6.45455	13.8659
6.53903	13.8124


20.7406	19.1558
20.7918	19.0699


5.54054	20.1754
5.63785	20.1523


11.097	12.8211
11.1214	12.918


17.0663	4.52682
17.0293	4.61972


18.0132	20.2262
18.113	20.22


5.63785	20.1523
5.71339	20.2178


0.863295	1.45535
0.770935	1.49369


16.246	19.892
16.3377	19.9318


10.0191	10.0761
10.0283	10.1757


18.5237	3.95235
18.4303	3.98812


20.5458	19.6678
20.5761	19.7631


6.66528	18.7232
6.72188	18.8057


3.28831	13.0669
3.29717	13.1665


17.7718	14.3032
17.8235	14.3888


5.14834	12.7741
5.05553	12.8114


18.9761	1.652
19.0509	1.58567


1.41979	6.77527
1.31997	6.78125


13.3709	1.9913
13.4346	1.91421


8.22894	8.41166
8.3061	8.34805


20.7918	19.0699
20.8707	19.0084


18.3215	17.7478
18.3887	17.8219


17.215	1.34209
17.1473	1.26848


14.5345	17.0216
14.4353	17.0088


15.4297	12.9478
15.5123	12.8915


1.71396	2.03985
1.81104	2.06382


15.7307	6.35661
15.7823	6.27095


20.5761	19.7631
20.518	19.8445


18.847	17.2514
18.8534	17.1517


1.31997	6.78125
1.2471	6.84974


0.819686	1.26045
0.725753	1.22615


14.8886	13.8301
14.7897	13.8154


2.20862	1.12409
2.30431	1.09503


0.68769	2.05451
0.607317	2.11401


19.3519	18.3059
19.3349	18.4045


20.4488	19.6435
20.3665	19.7004


14.1981	15.4971
14.1597	15.4047


19.8879	4.32102
19.934	4.40976


17.9109	5.24268
17.8237	5.29166


15.7625	10.4095
15.8508	10.4565


9.86567	8.61966
9.96359	8.59938


10.0191	10.0761
9.92245	10.1019


15.8508	10.4565
15.9298	10.3951


11.0264	8.58465
11.0473	8.68243


3.29717	13.1665
3.20555	13.2066


16.1294	6.77216
16.1513	6.86973


20.7613	15.2348
20.7305	15.1397


5.10674	12.5787
5.20673	12.5799


18.2614	17.5577
18.163	17.5752


17.637	13.8785
17.7329	13.85


7.32419	13.7613
7.32274	13.6613


19.3387	2.23081
19.2589	2.17053


2.1589	9.60607
2.22805	9.53383


15.5123	12.8915
15.6109	12.8747


17.6012	4.68933
17.6423	4.5982


1.58322	12.0899
1.48328	12.0935


14.1139	11.4866
14.1835	11.5584


20.5783	16.0603
20.6711	16.0974


3.75098	9.48047
3.81028	9.39994


18.0546	20.071
18.1546	20.0707


16.8301	16.8447
16.9301	16.8413


13.4346	1.91421
13.3993	1.82063


5.71339	20.2178
5.81282	20.2285


3.42513	3.49387
3.51684	3.45399


17.1473	1.26848
17.0739	1.20058


17.0739	1.20058
17.0278	1.28935


14.1983	14.2193
14.1024	14.2477


2.60872	20.0568
2.5108	20.0771


6.72188	18.8057
6.81658	18.8378


2.37809	6.84532
2.41799	6.93701


3.4917	12.6906
3.3926	12.6773


13.2645	10.3599
13.1645	10.3612


14.0147	5.25421
13.9439	5.18357


15.6623	10.074
15.717	9.99025


6.38625	8.31133
6.35527	8.40641


1.24283	9.53402
1.2047	9.62647


2.85176	2.51163
2.94469	2.47468


8.60138	9.68209
8.54629	9.76554


6.35623	16.4632
6.45388	16.4417


16.91	18.4644
16.9891	18.4033


4.2043	7.4955
4.10432	7.49355


17.722	19.8952
17.7948	19.8266


10.4947	9.57612
10.4172	9.63932


2.74928	5.17271
2.76999	5.07488


14.5317	20.484
14.4536	20.4215


19.357	16.4793
19.2657	16.4387


19.934	4.40976
20.0265	4.44772


4.20234	20.1665
4.23433	20.2612


17.0278	1.28935
16.9366	1.24835


17.1121	2.8544
17.2096	2.87625


17.7329	13.85
17.8321	13.8376


14.7767	1.83545
14.876	1.84729


13.2354	5.37945
13.2707	5.28589


16.9393	1.69811
16.8393	1.69844


14.5546	18.2306
14.5915	18.3236


6.41915	11.1803
6.49969	11.2395


5.81282	20.2285
5.89892	20.1777


14.8865	9.91144
14.8387	9.82363


19.8772	16.2054
19.9743	16.2291


19.0509	1.58567
19.0794	1.48982


7.32274	13.6613
7.28241	13.5698


10.553	12.5475
10.4553	12.569


13.3993	1.82063
13.378	1.72293


2.96442	10.8409
2.87667	10.8889


4.8346	10.0132
4.80679	9.91718


1.33217	10.7572
1.23396	10.7761


7.67381	8.86943
7.60639	8.94329


14.4558	20.8878
14.4384	20.9863


17.215	1.34209
17.2954	1.28261


18.7756	4.12005
18.6761	4.11009


7.7411	11.3007
7.79047	11.3876


2.76771	3.02741
2.84864	2.96867


18.1499	20.4757
18.2454	20.5052


9.93378	9.86113
9.96992	9.95437


19.3349	18.4045
19.2363	18.4215


17.0223	14.476
17.0798	14.5578


17.8321	13.8376
17.9314	13.8493


19.0794	1.48982
19.0505	1.39408


14.4384	20.9863
14.3386	20.9917


5.48952	15.036
5.5787	14.9908


15.7113	19.8787
15.6216	19.8346


7.55732	13.8804
7.51174	13.9694


20.0265	4.44772
20.1259	4.4589


6.45388	16.4417
6.55354	16.4335


13.3107	2.34101
13.2126	2.36009


13.1168	5.12852
13.1702	5.04395


3.00744	20.8842
2.91328	20.9178


6.81658	18.8378
6.91543	18.8227


11.1214	12.918
11.063	12.9992


18.2276	17.782
18.1639	17.8591


6.91543	18.8227
6.96752	18.908


1.81755	4.9619
1.71954	4.98172


6.03824	7.93708
6.12633	7.9844


20.7613	15.2348
20.8588	15.2126


2.96546	11.0399
2.87632	11.0852


13.4159	2.0806
13.5155	2.07271


20.7305	15.1397
20.6359	15.1073


1.48558	6.69995
1.49256	6.6002


11.4761	12.1043
11.5596	12.0493


19.8412	1.8257
19.8738	1.73115


5.78442	6.1971
5.70809	6.13249


3.20555	13.2066
3.11262	13.2435


10.4553	12.569
10.3587	12.5947


19.617	17.612
19.674	17.5298


6.02786	1.2456
6.00861	1.14747


10.597	8.41716
10.5124	8.47047


2.16102	3.47874
2.16187	3.37874


1.82671	0.87523
1.74086	0.823941


18.5342	3.04205
18.4656	2.96929


6.80713	8.06741
6.73528	7.99786


14.7773	4.81325
14.6921	4.86561


6.49221	18.4825
6.42343	18.5551


4.81891	3.76786
4.82781	3.86746


14.1151	15.5529
14.1327	15.6513


14.6686	1.62433
14.7178	1.53731


16.0649	4.84013
16.0799	4.939


20.8707	19.0084
20.9317	18.9292


19.3196	4.64392
19.2208	4.65994


3.47979	3.57761
3.57793	3.55838


20.5761	19.7631
20.676	19.7594


13.756	7.51859
13.8307	7.58508


5.06603	16.6233
5.16095	16.5918


3.2565	19.7904
3.20665	19.7037


13.378	1.72293
13.3169	1.64377


13.001	5.75299
12.902	5.76686


1.2471	6.84974
1.15592	6.80869


3.20665	19.7037
3.13203	19.6371


2.91328	20.9178
2.81896	20.951


2.19538	3.87144
2.17531	3.9694


1.43504	11.5706
1.33533	11.5782


14.4384	20.9863
14.4707	21.0809


6.53903	13.8124
6.53348	13.7126


15.717	9.99025
15.7239	9.89048


14.7178	1.53731
14.6521	1.46199


5.06966	4.96491
5.00658	4.88732


6.04596	5.75622
6.14297	5.73196


5.4334	14.255
5.52739	14.2209


15.1954	6.37419
15.2777	6.43098


14.4353	17.0088
14.3488	17.0589


10.255	12.01
10.2458	11.9104


6.27542	3.01509
6.37319	2.99412


15.4414	16.8153
15.3523	16.8607


10.4413	9.24975
10.5162	9.18345


4.23433	20.2612
4.25044	20.3599


14.455	18.2389
14.3659	18.2843


1.6423	6.86669
1.6155	6.96303


1.58322	12.0899
1.62697	12.1799


4.10432	7.49355
4.00466	7.50171


14.3659	18.2843
14.3107	18.3677


14.0929	2.87323
14.0121	2.81418


13.5155	2.07271
13.6146	2.05902


14.3386	20.9917
14.2583	20.9321


4.96672	3.05471
4.87625	3.09732


14.7929	15.2582
14.8134	15.356


1.01309	9.23872
0.969571	9.14868


10.2458	11.9104
10.2455	11.8104


17.0798	14.5578
17.0519	14.6538


10.5168	8.47684
10.5942	8.5402


11.4779	10.9341
11.4315	11.0227


5.05553	12.8114
4.9763	12.8724


3.04593	20.9765
3.11445	21.0493


14.8387	9.82363
14.8048	9.72952


5.68132	9.98405
5.60528	10.049


13.3169	1.64377
13.2258	1.60247


18.3735	16.955
18.2772	16.9281


4.45553	10.7714
4.38947	10.8465


18.2454	20.5052
18.3454	20.5063


16.1027	14.5747
16.0285	14.5077


13.1702	5.04395
13.1722	4.94397


1.09147	2.70081
0.998246	2.66463


15.2112	6.22979
15.2498	6.13753


15.6109	12.8747
15.5975	12.7756


6.00118	7.74383
5.96272	7.83614


11.6162	11.5551
11.5363	11.6151


17.9784	20.4064
17.9127	20.4817


20.1259	4.4589
20.2062	4.51843


2.95579	3.52221
2.89768	3.60359


16.5108	13.9506
16.5355	13.8536


7.92108	13.73
8.01137	13.773


6.27542	3.01509
6.24432	2.92005


6.45184	7.1504
6.44006	7.0511


5.50415	20.2685
5.4924	20.3678


17.2954	1.28261
17.395	1.29111


13.9439	5.18357
13.8653	5.12173


19.0505	1.39408
18.979	1.32424


6.13029	16.3006
6.17176	16.2096


19.8738	1.73115
19.9712	1.7083


6.48575	8.32127
6.57214	8.37164


14.887	17.8604
14.9642	17.924


20.6711	16.0974
20.6911	16.1954


5.59826	3.53641
5.67481	3.60075


16.7418	19.0064
16.7095	19.101


2.75033	6.51167
2.84866	6.49349


2.5108	20.0771
2.41815	20.1148


7.67381	8.86943
7.75484	8.81084


7.10387	14.4191
7.00986	14.4531


20.2062	4.51843
20.2853	4.45728


15.5975	12.7756
15.5272	12.7045


20.518	19.8445
20.5574	19.9364


5.81282	20.2285
5.84005	20.3248


1.48328	12.0935
1.43864	12.183


6.55354	16.4335
6.65335	16.4272


16.1513	6.86973
16.1011	6.95619


13.2258	1.60247
13.2184	1.50274


19.3728	15.786
19.3455	15.6898


14.4536	20.4215
14.4404	20.3223


13.2184	1.50274
13.2496	1.40775


6.50314	14.1513
6.44628	14.2335


6.65335	16.4272
6.72246	16.4995


16.9366	1.24835
16.8553	1.19011


7.16601	14.4974
7.20666	14.5888


1.43864	12.183
1.39148	12.2712


14.876	1.84729
14.9324	1.7647


5.41368	1.18806
5.32484	1.14215


17.9314	13.8493
17.9633	13.7546


11.8029	10.4657
11.8467	10.5556


3.47635	10.0404
3.41464	10.1191


6.35623	16.4632
6.36001	16.5632


10.3587	12.5947
10.2994	12.5141


2.41815	20.1148
2.32221	20.0866


14.3107	18.3677
14.2136	18.3436


20.2853	4.45728
20.3561	4.52791


19.8879	4.32102
19.8229	4.24498


6.65335	16.4272
6.65348	16.3272


17.4296	3.52805
17.5133	3.58283


5.83871	16.356
5.74873	16.3996


14.2136	18.3436
14.145	18.2708


5.20217	9.36067
5.11699	9.41305


4.84695	8.91426
4.81354	8.82


4.00466	7.50171
3.9274	7.5652


1.39148	12.2712
1.41734	12.3678


13.1702	5.04395
13.27	5.03728


7.82179	13.7419
7.8391	13.8404


2.50587	3.42754
2.53833	3.33295


20.8588	15.2126
20.9526	15.2472


20.5574	19.9364
20.5991	20.0273


20.9317	18.9292
21.0244	18.9665


3.33082	6.17675
3.43075	6.18044


14.2583	20.9321
14.1662	20.9712


14.9324	1.7647
15.0232	1.7229


14.5614	20.7234
14.6371	20.7887


7.3122	8.42114
7.22938	8.47718


7.84632	11.1616
7.90793	11.0828


15.9298	10.3951
16.0081	10.3329


1.6155	6.96303
1.61133	7.06294


14.8048	9.72952
14.8451	9.63799


21.0244	18.9665
21.0715	18.8783


11.0354	12.047
11.1312	12.0755


16.8553	1.19011
16.8512	1.0902


2.76999	5.07488
2.74718	4.97752


19.3349	18.4045
19.2838	18.4905


5.77283	12.4141
5.81211	12.3221


17.1423	16.6598
17.1896	16.7479


5.3976	14.3484
5.44816	14.4347


5.84005	20.3248
5.84196	20.4247


2.02344	5.95317
1.99237	5.85812


16.0285	14.5077
15.9684	14.5876


5.17145	5.10118
5.25858	5.05211


4.53348	4.84544
4.60177	4.77239


15.3855	13.3961
15.4276	13.4868


7.90793	11.0828
7.90978	10.9828


14.3242	10.591
14.2425	10.5333


15.2893	10.806
15.2609	10.9019


5.84196	20.4247
5.9312	20.4699


1.61308	2.21253
1.53496	2.27496


15.8508	10.4565
15.8472	10.5564


4.51431	19.3119
4.58093	19.2373


6.41508	17.9567
6.41197	17.8567


10.3414	12.0604
10.3275	11.9613


6.05838	5.12407
6.10826	5.0374


4.78373	11.8074
4.69586	11.8551


9.12798	9.3252
9.2276	9.33397


16.5978	2.57128
16.5854	2.67051


1.33579	2.53091
1.25972	2.466


14.1151	15.5529
14.0152	15.5557


13.2018	6.53323
13.1234	6.47122


5.11959	19.8328
5.15015	19.928


5.65316	6.55311
5.58182	6.62318


2.32221	20.0866
2.23596	20.1372


17.7601	4.99464
17.6658	4.96117


18.8058	2.09723
18.7093	2.07102


1.41734	12.3678
1.35492	12.4459


13.8177	10.5517
13.9098	10.5908


14.4988	2.26453
14.4052	2.22939


2.23596	20.1372
2.14657	20.182


6.10826	5.0374
6.1976	5.08234


14.4386	5.30967
14.5205	5.36708


19.3455	15.6898
19.248	15.7121


8.54629	9.76554
8.45418	9.80449


16.4731	14.4982
16.4641	14.5978


18.3454	20.5063
18.3878	20.5969


21.0244	18.9665
21.0973	19.035


20.6911	16.1954
20.7428	16.281


18.9002	2.76624
18.9964	2.73902


8.96809	10.0344
8.98637	10.1328


13.3169	1.64377
13.3282	1.54442


13.3982	14.0338
13.3051	13.9974


2.14657	20.182
2.05219	20.1489


13.1698	11.6257
13.2602	11.6685


16.0081	10.3329
16.1018	10.2981


5.54875	2.56307
5.57465	2.65966


20.6359	15.1073
20.5387	15.084


5.9312	20.4699
6.03109	20.4745


13.9505	7.29147
14.0354	7.23857


17.9633	13.7546
17.8958	13.6808


2.05219	20.1489
1.96662	20.0972


19.9712	1.7083
19.9627	1.60867


6.03109	20.4745
6.08589	20.3908


19.8229	4.24498
19.8795	4.16251


10.2458	11.9104
10.1459	11.907


14.8805	4.43295
14.9612	4.49193


20.5991	20.0273
20.693	20.0616


6.08589	20.3908
6.18105	20.3601


13.1658	8.28317
13.232	8.35815


6.04591	3.00201
6.07442	3.09786


1.49256	6.6002
1.44446	6.51253


6.37319	2.99412
6.42188	2.90677


16.8512	1.0902
16.7868	1.01367


17.395	1.29111
17.4188	1.194


20.6911	16.1954
20.5974	16.1604


3.9274	7.5652
3.87687	7.6515


5.89911	18.3356
5.99168	18.3734


13.0825	5.92173
12.9922	5.96452


17.1829	19.6853
17.1176	19.761


3.87687	7.6515
3.90233	7.7482


6.72246	16.4995
6.68859	16.5936


7.55732	13.8804
7.47281	13.8269


20.9526	15.2472
20.9983	15.1582


16.8799	18.5598
16.9561	18.4949


21.0715	18.8783
21.1255	18.7941


2.51252	6.52335
2.43442	6.58581


20.2062	4.51843
20.159	4.60658


5.06953	18.9315
5.10854	19.0235


14.3827	3.77829
14.3928	3.6788


14.145	18.2708
14.0528	18.232


14.2048	2.99901
14.2815	2.93491


3.72046	9.38524
3.62827	9.34648


1.15592	6.80869
1.11644	6.90056


2.16187	3.37874
2.10924	3.29371


19.9712	1.7083
20.071	1.71492


16.6544	16.4414
16.7089	16.3575


20.5974	16.1604
20.5088	16.2067


13.2496	1.40775
13.1678	1.35032


1.23396	10.7761
1.15474	10.7151


5.51122	2.01486
5.59526	2.06906


2.67077	10.7971
2.62422	10.7086


20.7428	16.281
20.7813	16.3733


14.1835	11.5584
14.2237	11.65


13.1722	4.94397
13.1112	4.8647


7.28241	13.5698
7.30504	13.4724


13.8307	7.58508
13.8763	7.67407


16.0018	20.7244
16.007	20.8243


1.61133	7.06294
1.61973	7.16259


1.74086	0.823941
1.78556	0.734489


0.998246	2.66463
0.927746	2.73555


5.02759	13.2034
4.99179	13.2968


17.3504	3.66114
17.3193	3.75618


8.45418	9.80449
8.44872	9.70464


16.007	20.8243
16.039	20.919


14.1611	3.5368
14.261	3.5318


4.25044	20.3599
4.26302	20.4591


16.4696	18.8861
16.3795	18.8429


8.01137	13.773
8.08619	13.8393


6.42188	2.90677
6.44763	2.81014


14.4404	20.3223
14.3757	20.2461


17.6239	15.8968
17.6616	15.8041


5.19641	5.74732
5.27403	5.68428


15.6743	6.68778
15.6438	6.78301


6.03259	16.3219
5.93328	16.3102


19.1866	16.7658
19.1196	16.6915


5.68046	13.4542
5.70956	13.3585


15.874	19.963
15.9682	19.9964


16.3377	19.9318
16.4077	20.0032


17.8237	5.29166
17.7495	5.35871


2.86904	1.90235
2.85133	1.80393


20.3561	4.52791
20.4439	4.47999


20.5991	20.0273
20.5659	20.1216


14.5915	18.3236
14.6716	18.3835


15.5975	12.7756
15.6836	12.7248


13.1678	1.35032
13.1792	1.25098


3.9274	7.5652
3.84083	7.51515


20.5659	20.1216
20.5076	20.0404


5.54597	18.231
5.60291	18.3132


1.7906	11.807
1.8902	11.7981


2.32703	10.4964
2.30926	10.398


6.02786	1.2456
6.10315	1.31142


14.4353	17.0088
14.4525	16.9103


5.63853	2.38378
5.7337	2.35307


20.0338	18.2626
20.0678	18.1685


18.1639	17.8591
18.0882	17.9244


16.1018	10.2981
16.1778	10.3632


2.87632	11.0852
2.90082	11.1821


13.1112	4.8647
13.0259	4.81256


1.42917	10.7815
1.46789	10.6893


2.41799	6.93701
2.36422	7.02133


7.21455	11.2334
7.11657	11.2534


7.60639	8.94329
7.64332	9.03622


1.2047	9.62647
1.16962	9.72012


11.5596	12.0493
11.5931	12.1435


14.6521	1.46199
14.6342	1.36361


13.738	10.3718
13.6583	10.3115


16.5355	13.8536
16.5558	13.7557


20.5458	19.6678
20.4697	19.7328


2.81896	20.951
2.78476	21.045


14.1024	14.2477
14.0807	14.3453


3.43075	6.18044
3.45795	6.08421


1.15474	10.7151
1.06432	10.6724


19.6506	18.3076
19.6091	18.3986


18.3065	17.3844
18.2558	17.2982


3.90233	7.7482
3.89262	7.84773


3.11445	21.0493
3.16385	21.1362


5.63221	17.4101
5.72641	17.3766


5.00658	4.88732
4.90715	4.89799


15.0405	3.95389
15.0778	3.8611


13.1645	10.3612
13.071	10.3966


2.36422	7.02133
2.38433	7.11929


18.979	1.32424
18.9615	1.22578


0.927746	2.73555
0.880978	2.82394


14.3369	4.05301
14.3066	4.1483


2.60872	20.0568
2.66319	20.1407


1.33083	3.97032
1.24917	4.02804


17.6616	15.8041
17.7616	15.8052


6.18105	20.3601
6.28088	20.366


11.5682	10.6514
11.6657	10.6738


14.6342	1.36361
14.6758	1.27267


17.0672	3.13655
17.1668	3.12821


13.8763	7.67407
13.9731	7.69924


14.3488	17.0589
14.2497	17.0723


15.8508	10.4565
15.9425	10.4963


17.4581	20.2527
17.3607	20.2756


3.4917	12.6906
3.44603	12.7796


6.1976	5.08234
6.24522	4.9944


15.8273	20.627
15.7538	20.6949


13.1168	5.12852
13.0168	5.13001


14.1662	20.9712
14.067	20.9586


14.067	20.9586
14	21


