2	21	20
2.28556	21.0485	19.0429


2.28556	21.0485	19.0429
2.23265	20.5621	18.1707


2.23265	20.5621	18.1707
2.87135	19.802	18.2902


2.87135	19.802	18.2902
3.56934	19.0876	18.2404


3.56934	19.0876	18.2404
4.13874	19.1843	17.424


4.13874	19.1843	17.424
5.11907	18.987	17.4305


5.11907	18.987	17.4305
5.56096	18.3972	16.7546


5.56096	18.3972	16.7546
5.89033	18.2287	15.8255


5.89033	18.2287	15.8255
6.72703	18.1265	15.2875


5.56096	18.3972	16.7546
5.8542	17.7295	17.4388


6.72703	18.1265	15.2875
7.59801	18.4429	15.6634


7.59801	18.4429	15.6634
8.36964	18.1046	15.1247


6.72703	18.1265	15.2875
6.68209	17.2749	14.7652


8.36964	18.1046	15.1247
8.71848	18.0008	14.1933


8.36964	18.1046	15.1247
9.103	17.6672	15.6452


9.103	17.6672	15.6452
9.12857	16.6718	15.7377


9.12857	16.6718	15.7377
9.27383	15.9827	15.0277


9.12857	16.6718	15.7377
9.96511	16.3675	16.1933


9.27383	15.9827	15.0277
9.47588	15.367	14.2661


6.68209	17.2749	14.7652
6.37938	16.9339	13.8752


9.47588	15.367	14.2661
9.80151	14.4426	14.0673


9.96511	16.3675	16.1933
10.8355	16.1106	16.6133


9.80151	14.4426	14.0673
9.79207	13.4963	14.3906


6.37938	16.9339	13.8752
5.78894	17.5547	13.3595


10.8355	16.1106	16.6133
11.5693	16.6298	17.0514


9.79207	13.4963	14.3906
9.56563	12.967	13.573


9.56563	12.967	13.573
9.12715	12.2673	13.0088


9.12715	12.2673	13.0088
9.85933	11.5964	13.1261


9.85933	11.5964	13.1261
9.8551	10.5982	13.066


9.85933	11.5964	13.1261
10.7686	11.6488	12.7132


10.7686	11.6488	12.7132
11.2197	11.0628	12.0401


11.2197	11.0628	12.0401
11.9072	11.2606	11.3414


11.9072	11.2606	11.3414
12.596	10.9353	10.6935


12.596	10.9353	10.6935
12.5408	10.7006	9.72303


5.8542	17.7295	17.4388
5.60694	16.843	17.83


12.5408	10.7006	9.72303
12.9811	10.1193	9.03878


12.596	10.9353	10.6935
13.4852	11.212	11.0579


5.78894	17.5547	13.3595
6.04116	18.0447	12.5251


9.8551	10.5982	13.066
9.22613	10.0028	12.5661


12.9811	10.1193	9.03878
13.6298	10.0536	8.28054


13.6298	10.0536	8.28054
14.3359	9.51502	8.74035


13.4852	11.212	11.0579
14.0567	11.5322	11.8135


14.0567	11.5322	11.8135
14.8813	11.898	11.3819


14.0567	11.5322	11.8135
14.4675	11.3614	12.7091


9.22613	10.0028	12.5661
9.80107	9.4871	11.9309


11.5693	16.6298	17.0514
11.844	17.1667	16.2537


6.04116	18.0447	12.5251
6.02016	18.0839	11.5261


9.12715	12.2673	13.0088
8.3976	12.2306	12.3259


6.02016	18.0839	11.5261
5.70621	17.6088	10.704


14.4675	11.3614	12.7091
14.5698	10.5625	13.3017


14.8813	11.898	11.3819
14.7178	12.6433	10.7356


13.6298	10.0536	8.28054
13.0772	9.6205	7.56844


14.7178	12.6433	10.7356
14.2611	11.8976	10.2504


9.80107	9.4871	11.9309
9.56694	8.52118	12.0412


14.8813	11.898	11.3819
15.7297	12.176	11.8324


13.0772	9.6205	7.56844
12.4221	8.99628	7.14281


9.56694	8.52118	12.0412
8.77064	8.15468	11.56


15.7297	12.176	11.8324
16.5621	12.4075	11.329


14.3359	9.51502	8.74035
15.1605	9.49556	8.17503


16.5621	12.4075	11.329
17.18	12.7899	12.016


14.5698	10.5625	13.3017
14.979	10.2534	14.1602


17.18	12.7899	12.016
17.5823	12.9769	12.9122


14.3359	9.51502	8.74035
14.5289	8.56112	8.9702


17.5823	12.9769	12.9122
18.0669	13.8496	12.9708


2.23265	20.5621	18.1707
2.10964	20.5014	17.1802


14.5289	8.56112	8.9702
14.2271	7.61535	9.09024


12.4221	8.99628	7.14281
12.2606	9.62994	6.38623


9.12857	16.6718	15.7377
8.84745	16.7519	16.694


12.2606	9.62994	6.38623
11.3717	9.74012	5.94154


8.77064	8.15468	11.56
8.28812	7.50282	12.145


6.37938	16.9339	13.8752
5.58534	16.3272	13.9129


14.979	10.2534	14.1602
15.074	10.7923	14.9972


5.70621	17.6088	10.704
5.25961	17.8416	9.84013


8.71848	18.0008	14.1933
8.45116	18.7813	13.6282


8.28812	7.50282	12.145
7.6806	7.5521	12.9378


9.8551	10.5982	13.066
10.3129	10.9663	12.2567


18.0669	13.8496	12.9708
18.6728	13.877	13.7659


15.1605	9.49556	8.17503
15.5643	10.0863	7.47652


2	21	20
2.6069	20.3054	20.3863


9.47588	15.367	14.2661
9.74189	16.3042	14.0407


14.7178	12.6433	10.7356
14.6135	13.2897	9.97975


11.3717	9.74012	5.94154
10.5066	9.94873	5.48538


14.6135	13.2897	9.97975
14.7599	13.7777	9.1193


10.7686	11.6488	12.7132
10.8456	12.3938	12.0507


2.10964	20.5014	17.1802
1.6946	21.3352	17.5443


9.8551	10.5982	13.066
9.35249	10.3439	13.8922


7.6806	7.5521	12.9378
6.81119	7.42609	13.4155


14.7599	13.7777	9.1193
14.9851	14.1065	8.20215


15.5643	10.0863	7.47652
15.7341	9.53944	6.65671


14.2271	7.61535	9.09024
14.6503	6.74505	9.3422


15.074	10.7923	14.9972
15.9082	10.2825	15.2074


14.6503	6.74505	9.3422
15.3655	6.306	9.88595


18.0669	13.8496	12.9708
17.8527	14.805	13.1742


14.9851	14.1065	8.20215
14.4566	14.7749	7.67869


12.4221	8.99628	7.14281
12.07	8.0679	7.26182


18.6728	13.877	13.7659
19.0882	13.3841	14.5304


14.4566	14.7749	7.67869
14.839	15.1905	6.85343


17.18	12.7899	12.016
17.884	12.4793	11.3773


15.7341	9.53944	6.65671
16.0938	9.00652	5.89081


10.8355	16.1106	16.6133
10.5864	15.6097	17.4422


6.81119	7.42609	13.4155
5.86019	7.56876	13.6898


16.0938	9.00652	5.89081
16.7311	8.56885	5.25653


17.8527	14.805	13.1742
17.9039	15.7564	12.8705


14.839	15.1905	6.85343
14.969	14.4306	6.21646


17.9039	15.7564	12.8705
18.4182	16.4475	12.3627


6.81119	7.42609	13.4155
6.95687	6.4533	13.5957


6.95687	6.4533	13.5957
7.38052	6.44719	14.5015


14.6135	13.2897	9.97975
14.7287	14.2782	10.0779


9.74189	16.3042	14.0407
10.739	16.3434	13.9754


10.5864	15.6097	17.4422
10.9151	14.8062	17.9385


16.7311	8.56885	5.25653
16.3345	7.69388	4.97876


11.5693	16.6298	17.0514
11.8144	17.3756	17.6709


6.04116	18.0447	12.5251
5.74982	18.9857	12.6977


10.5066	9.94873	5.48538
9.57124	9.96206	5.13204


5.86019	7.56876	13.6898
5.34968	7.93398	12.9114


9.79207	13.4963	14.3906
9.45786	13.0305	15.2099


17.884	12.4793	11.3773
18.8362	12.1806	11.4426


16.3345	7.69388	4.97876
16.0742	6.88107	4.45764


9.45786	13.0305	15.2099
9.42275	12.4278	16.0071


8.45116	18.7813	13.6282
9.05998	19.5455	13.8409


10.9151	14.8062	17.9385
10.8543	13.8681	18.2796


9.47588	15.367	14.2661
9.16386	14.8032	15.0308


5.86019	7.56876	13.6898
5.50325	8.35986	14.1866


16.0742	6.88107	4.45764
17.0279	6.58068	4.47371


7.38052	6.44719	14.5015
7.48101	6.45135	15.4964


14.969	14.4306	6.21646
15.4974	14.9855	5.57383


14.7287	14.2782	10.0779
14.6707	15.1989	10.4636


7.38052	6.44719	14.5015
7.58549	7.40609	14.6977


5.74982	18.9857	12.6977
6.09799	19.6971	12.0872


15.3655	6.306	9.88595
15.1324	5.52249	10.462


16.0742	6.88107	4.45764
15.5993	6.57765	3.63154


12.07	8.0679	7.26182
11.6096	7.20881	7.03818


8.28812	7.50282	12.145
8.99848	6.88423	12.4808


18.4182	16.4475	12.3627
19.2826	16.7353	11.9503


7.48101	6.45135	15.4964
8.15051	5.73197	15.6815


8.15051	5.73197	15.6815
8.98412	6.26138	15.8391


16.7311	8.56885	5.25653
16.8445	9.05718	4.39126


16.8445	9.05718	4.39126
17.6286	9.63551	4.61655


15.1324	5.52249	10.462
16.0226	5.09356	10.6157


15.4974	14.9855	5.57383
16.1415	15.1598	4.82907


9.05998	19.5455	13.8409
9.95755	19.898	13.5761


10.5066	9.94873	5.48538
10.9117	10.4561	4.72482


19.0882	13.3841	14.5304
19.5827	12.9654	15.292


17.6286	9.63551	4.61655
18.278	10.3824	4.47388


15.5993	6.57765	3.63154
14.9276	6.1074	3.05915


11.6096	7.20881	7.03818
11.3492	6.24508	6.97998


5.8542	17.7295	17.4388
5.57925	17.2778	16.5901


16.1415	15.1598	4.82907
15.5009	15.8183	4.43421


18.8362	12.1806	11.4426
19.4106	12.6506	10.7724


19.5827	12.9654	15.292
19.8845	13.7544	15.8272


11.3492	6.24508	6.97998
10.592	5.78861	6.51279


5.86019	7.56876	13.6898
5.12313	6.94022	13.9382


5.25961	17.8416	9.84013
6.08926	18.1059	9.34838


14.979	10.2534	14.1602
14.6904	9.41315	14.6193


8.45116	18.7813	13.6282
8.52179	18.8409	12.6325


10.592	5.78861	6.51279
9.97217	5.05657	6.23002


5.50325	8.35986	14.1866
4.69299	8.38768	14.772


15.5643	10.0863	7.47652
16.2376	9.34696	7.47115


10.8543	13.8681	18.2796
10.5747	13.2812	17.5197


6.08926	18.1059	9.34838
6.1275	18.1768	8.35163


4.69299	8.38768	14.772
4.39256	7.98208	15.6353


4.39256	7.98208	15.6353
3.72111	8.07895	16.37


15.5009	15.8183	4.43421
16.2474	16.4808	4.37294


16.0226	5.09356	10.6157
16.7448	4.40233	10.6405


19.2826	16.7353	11.9503
19.9816	16.7753	11.2363


3.72111	8.07895	16.37
3.42534	7.3128	16.9405


19.8845	13.7544	15.8272
20.1385	13.3305	16.6965


8.98412	6.26138	15.8391
9.46388	5.89232	16.6351


20.1385	13.3305	16.6965
20.3434	12.7981	17.5179


6.1275	18.1768	8.35163
6.7432	18.2107	7.56438


5.34968	7.93398	12.9114
4.70472	7.44389	12.325


16.2474	16.4808	4.37294
17.163	16.2089	4.07696


3.72111	8.07895	16.37
3.72994	9.07884	16.3577


10.5066	9.94873	5.48538
10.0047	9.83735	6.34311


5.34968	7.93398	12.9114
4.92047	8.83638	12.8734


9.45786	13.0305	15.2099
8.79801	12.3221	14.9595


17.0279	6.58068	4.47371
17.4315	5.68882	4.26959


9.97217	5.05657	6.23002
9.12571	4.60493	6.51205


4.92047	8.83638	12.8734
4.35505	9.66096	12.8543


14.9276	6.1074	3.05915
14.9317	5.66531	2.16219


19.5827	12.9654	15.292
19.912	12.0512	15.0558


15.9082	10.2825	15.2074
16.0499	10.8266	16.0345


9.12571	4.60493	6.51205
9.07623	3.9905	7.29946


11.8144	17.3756	17.6709
12.7809	17.5811	17.8246


17.4315	5.68882	4.26959
18.1471	5.30838	3.68371


15.9082	10.2825	15.2074
16.3566	9.46761	15.5746


3.72994	9.07884	16.3577
2.95557	9.57223	15.9615


14.7287	14.2782	10.0779
15.7048	14.0828	9.98237


3.42534	7.3128	16.9405
2.92344	6.74332	17.5915


6.1275	18.1768	8.35163
5.47949	18.7742	7.87923


9.97217	5.05657	6.23002
9.73391	5.01021	5.25992


9.12571	4.60493	6.51205
8.32775	4.22492	6.04423


18.1471	5.30838	3.68371
19.01	5.45907	3.20133


7.58549	7.40609	14.6977
8.29973	8.09342	14.8297


17.163	16.2089	4.07696
16.8156	16.0597	3.15121


15.1324	5.52249	10.462
14.5685	4.9579	11.0646


6.7432	18.2107	7.56438
6.93871	18.6931	6.7105


8.32775	4.22492	6.04423
7.3797	3.92215	5.94662


7.3797	3.92215	5.94662
6.50927	4.29825	5.62899


4.35505	9.66096	12.8543
3.503	9.88702	12.3821


16.7448	4.40233	10.6405
16.4688	4.23907	11.5877


9.46388	5.89232	16.6351
10.0231	5.63674	17.4237


20.1385	13.3305	16.6965
20.1774	14.2557	17.0741


3.503	9.88702	12.3821
3.04447	10.0193	11.5034


10.0231	5.63674	17.4237
10.1361	6.62476	17.5288


10.0231	5.63674	17.4237
10.2576	4.72252	17.0931


6.93871	18.6931	6.7105
6.97154	18.9573	5.7466


3.72111	8.07895	16.37
4.38112	7.94514	17.1092


16.8156	16.0597	3.15121
16.0582	15.9415	2.50906


2.92344	6.74332	17.5915
3.15194	5.94208	18.1445


10.1361	6.62476	17.5288
10.1767	7.32488	18.2417


3.04447	10.0193	11.5034
2.56756	9.99988	10.6246


6.50927	4.29825	5.62899
6.0002	4.1033	4.79063


5.12313	6.94022	13.9382
4.71027	6.03095	13.8855


6.09799	19.6971	12.0872
6.53377	20.4222	11.554


14.5685	4.9579	11.0646
13.8588	4.59636	10.46


19.9816	16.7753	11.2363
20.1346	17.7628	11.1981


14.2271	7.61535	9.09024
13.4347	7.01043	9.16898


19.4106	12.6506	10.7724
19.9481	12.673	9.92947


10.2576	4.72252	17.0931
10.4778	4.32964	17.986


9.95755	19.898	13.5761
9.9221	20.5288	14.3512


14.839	15.1905	6.85343
14.4075	16.091	6.90787


6.72703	18.1265	15.2875
6.26684	18.0289	16.1699


18.1471	5.30838	3.68371
17.5868	4.93187	2.94594


14.979	10.2534	14.1602
15.8581	10.1158	13.7037


16.8156	16.0597	3.15121
17.3499	16.5637	2.47259


2.28556	21.0485	19.0429
3.18308	21.3328	18.7057


11.844	17.1667	16.2537
12.0523	17.4833	15.3283


9.42275	12.4278	16.0071
8.5891	12.4434	16.5591


20.1385	13.3305	16.6965
19.2356	12.9272	16.5482


6.97154	18.9573	5.7466
7.39587	19.7917	5.39499


16.0582	15.9415	2.50906
15.9836	15.4964	1.61671


11.8144	17.3756	17.6709
11.9639	18.1987	17.123


12.7809	17.5811	17.8246
13.7485	17.734	17.6238


14.6707	15.1989	10.4636
14.4475	15.7243	9.64253


8.84745	16.7519	16.694
8.76072	17.5192	17.3294


17.163	16.2089	4.07696
17.9065	16.8708	4.17243


18.8362	12.1806	11.4426
19.4833	12.3305	12.1901


16.3566	9.46761	15.5746
17.1831	9.02961	15.9283


8.76072	17.5192	17.3294
8.15327	17.8093	18.0689


18.278	10.3824	4.47388
18.5352	11.3308	4.28849


6.7432	18.2107	7.56438
7.73313	18.2206	7.70553


5.57925	17.2778	16.5901
6.31929	16.6696	16.3029


17.1831	9.02961	15.9283
16.9531	8.84019	16.8829


14.6135	13.2897	9.97975
13.6218	13.4159	9.95593


8.15051	5.73197	15.6815
8.23125	4.88189	15.1611


18.278	10.3824	4.47388
18.7076	10.1348	3.60551


2.56756	9.99988	10.6246
2.22924	9.15333	10.2137


13.8588	4.59636	10.46
12.8877	4.78898	10.6006


17.5868	4.93187	2.94594
17.4121	3.9498	2.87491


3.42534	7.3128	16.9405
3.77958	7.21124	17.8701


17.4315	5.68882	4.26959
17.7773	5.26699	5.10775


16.9531	8.84019	16.8829
17.5432	8.14985	17.3014


17.9065	16.8708	4.17243
18.5381	17.5227	4.59223


9.57124	9.96206	5.13204
9.55718	9.47576	4.25836


20.3434	12.7981	17.5179
19.6937	13.0296	18.242


17.5432	8.14985	17.3014
18.1742	8.92521	17.2761


11.9639	18.1987	17.123
11.6317	18.8659	17.7897


5.60694	16.843	17.83
5.47609	16.1899	18.576


16.7448	4.40233	10.6405
17.5284	4.92237	10.9803


10.1767	7.32488	18.2417
10.3108	8.26114	17.917


8.23125	4.88189	15.1611
7.96497	4.15058	15.789


9.95755	19.898	13.5761
10.6863	20.1633	12.9448


11.9072	11.2606	11.3414
12.1167	12.1285	11.7919


6.0002	4.1033	4.79063
5.22228	4.50791	4.30986


7.39587	19.7917	5.39499
6.5007	19.9013	4.96295


12.8877	4.78898	10.6006
12.7607	3.94823	11.1269


7.3797	3.92215	5.94662
7.72245	3.10578	5.48179


7.72245	3.10578	5.48179
8.35809	2.37766	5.73829


4.71027	6.03095	13.8855
4.22064	5.22615	13.55


3.15194	5.94208	18.1445
2.42436	5.26554	18.2581


17.5432	8.14985	17.3014
17.1	8.20983	18.1958


17.4121	3.9498	2.87491
16.966	3.22534	3.40037


9.55718	9.47576	4.25836
8.67926	9.769	3.87984


8.3976	12.2306	12.3259
8.6526	11.3161	12.0117


17.6286	9.63551	4.61655
17.4301	10.0229	3.71628


5.22228	4.50791	4.30986
5.48928	5.43622	4.05111


17.1	8.20983	18.1958
17.4157	7.43218	18.7396


15.9836	15.4964	1.61671
16.4211	14.6087	1.76006


8.76072	17.5192	17.3294
7.94318	17.2213	16.8366


15.9836	15.4964	1.61671
15.8007	15.8692	0.706968


8.84745	16.7519	16.694
8.18324	16.0892	17.0398


10.5747	13.2812	17.5197
11.4368	13.4574	17.0445


8.99848	6.88423	12.4808
8.86352	5.95689	12.1318


2.42436	5.26554	18.2581
1.77876	4.64946	18.7094


1.77876	4.64946	18.7094
2.12566	3.85686	19.2109


5.22228	4.50791	4.30986
4.28274	4.34257	4.60974


10.8456	12.3938	12.0507
11.5251	12.1951	12.7568


18.1742	8.92521	17.2761
18.9709	8.32075	17.2804


17.6286	9.63551	4.61655
18.3767	9.28998	5.18302


17.9039	15.7564	12.8705
17.0739	16.232	12.5793


4.28274	4.34257	4.60974
3.48325	3.89378	5.009


7.96497	4.15058	15.789
6.99391	4.27582	15.9923


5.47949	18.7742	7.87923
5.69345	19.4202	8.61198


8.15327	17.8093	18.0689
8.36948	18.6439	18.5756


19.01	5.45907	3.20133
19.5036	5.24426	4.04403


2.95557	9.57223	15.9615
2.79462	10.5276	15.7139


8.67926	9.769	3.87984
8.31581	9.78672	2.94839


10.2576	4.72252	17.0931
10.0951	3.74599	16.9518


7.39587	19.7917	5.39499
7.7388	20.6363	4.98386


2.6069	20.3054	20.3863
3.58091	20.4631	20.2237


17.5432	8.14985	17.3014
18.0655	7.29928	17.363


5.58534	16.3272	13.9129
6.06048	15.6732	14.5016


20.1346	17.7628	11.1981
20.2933	18.387	11.9631


8.86352	5.95689	12.1318
9.82734	6.02629	11.8744


14.969	14.4306	6.21646
15.3975	13.5519	6.42658


16.4688	4.23907	11.5877
16.1797	3.5424	12.2442


16.4211	14.6087	1.76006
15.593	14.073	1.59527


17.0279	6.58068	4.47371
17.8237	7.05685	4.09974


12.7607	3.94823	11.1269
12.4241	3.37172	10.3824


5.69345	19.4202	8.61198
4.72206	19.5945	8.7733


16.966	3.22534	3.40037
16.6624	3.0907	4.34363


6.5007	19.9013	4.96295
6.66392	20.0913	3.99483


20.1346	17.7628	11.1981
19.4902	17.8195	10.4355


8.35809	2.37766	5.73829
9.29186	2.11376	5.49656


10.4778	4.32964	17.986
10.6834	3.70677	18.7408


11.4368	13.4574	17.0445
11.9875	12.6263	17.1212


18.5381	17.5227	4.59223
18.9301	18.0193	3.81781


10.6834	3.70677	18.7408
11.6455	3.83035	18.4975


10.5864	15.6097	17.4422
11.0818	16.2621	18.0158


18.5381	17.5227	4.59223
18.0099	18.3289	4.8586


6.66392	20.0913	3.99483
7.20423	19.6628	3.2706


16.0226	5.09356	10.6157
16.1337	4.82443	9.65906


17.1831	9.02961	15.9283
17.6629	8.46639	15.2556


11.9875	12.6263	17.1212
12.3902	11.7116	17.1568


16.6624	3.0907	4.34363
15.8285	2.60066	4.08985


9.82734	6.02629	11.8744
10.8086	5.96456	12.0568


9.73391	5.01021	5.25992
9.55212	5.23317	4.3022


10.5747	13.2812	17.5197
10.494	12.5358	18.1814


18.5352	11.3308	4.28849
18.2977	11.1121	5.23492


15.3655	6.306	9.88595
16.2677	6.66262	10.1286


20.2933	18.387	11.9631
20.1945	19.3658	11.7836


3.77958	7.21124	17.8701
4.69471	6.88623	18.1087


10.8543	13.8681	18.2796
10.708	14.1851	19.2167


8.31581	9.78672	2.94839
7.33615	9.67004	3.11166


10.1767	7.32488	18.2417
10.6217	7.1831	19.126


4.69471	6.88623	18.1087
4.38342	6.31982	18.8718


10.8456	12.3938	12.0507
10.9769	13.0042	11.2695


2.42436	5.26554	18.2581
2.18557	5.11211	17.2993


16.8156	16.0597	3.15121
16.3999	15.19	2.88538


20.1945	19.3658	11.7836
20.6621	20.0076	11.1758


16.0938	9.00652	5.89081
15.2946	8.85481	5.30928


16.2376	9.34696	7.47115
17.0279	8.77168	7.68208


14.6503	6.74505	9.3422
14.8983	7.01561	8.41199


12.8877	4.78898	10.6006
13.0121	5.11797	11.5367


17.4157	7.43218	18.7396
17.6635	6.49419	18.9819


15.8007	15.8692	0.706968
15.5728	16.8428	0.69873


3.48325	3.89378	5.009
3.17429	3.25245	5.71131


11.844	17.1667	16.2537
11.2081	17.8973	16.0049


14.4475	15.7243	9.64253
13.7532	15.8497	8.93383


2.22924	9.15333	10.2137
1.93439	8.20091	10.1364


17.1	8.20983	18.1958
16.7641	8.82255	18.9112


10.6863	20.1633	12.9448
11.4448	20.0816	12.2982


12.3902	11.7116	17.1568
12.4387	11.3262	18.0783


18.9709	8.32075	17.2804
19.4356	7.70753	16.6417


2.22924	9.15333	10.2137
2.11706	9.08526	9.22231


4.22064	5.22615	13.55
3.55501	4.64319	13.0841


10.8086	5.96456	12.0568
11.5151	5.79581	12.7441


4.38342	6.31982	18.8718
3.96549	6.46351	19.7688


18.7076	10.1348	3.60551
18.878	10.6867	2.78921


10.708	14.1851	19.2167
9.83189	13.7468	19.4175


10.9117	10.4561	4.72482
11.7362	10.9496	4.44786


11.6455	3.83035	18.4975
11.8717	3.12726	19.1716


3.04447	10.0193	11.5034
2.37076	10.4584	12.0978


7.7388	20.6363	4.98386
8.64197	20.7728	4.57684


3.48325	3.89378	5.009
3.17277	3.26784	4.29359


9.35249	10.3439	13.8922
9.41731	10.1313	14.8672


17.6635	6.49419	18.9819
16.8936	5.99377	18.5859


19.6937	13.0296	18.242
20.3625	12.9238	18.9778


8.64197	20.7728	4.57684
9.62134	20.7333	4.37867


10.708	14.1851	19.2167
10.1809	14.9705	19.5412


10.1809	14.9705	19.5412
10.8194	15.447	20.1455


19.4833	12.3305	12.1901
19.6979	11.565	12.7967


14.9317	5.66531	2.16219
15.2372	6.37245	1.52452


17.0739	16.232	12.5793
16.4555	16.0956	13.3532


14.6707	15.1989	10.4636
14.1525	15.8453	11.0237


11.8717	3.12726	19.1716
12.6629	2.71034	18.7242


19.6979	11.565	12.7967
20.1657	10.8447	12.2845


7.33615	9.67004	3.11166
6.40468	9.79775	2.77099


20.3625	12.9238	18.9778
20.5547	13.53	19.7496


8.77064	8.15468	11.56
9.03654	7.43703	10.9164


3.55501	4.64319	13.0841
2.69188	4.73539	12.5876


19.01	5.45907	3.20133
19.0258	5.44396	2.20157


17.6635	6.49419	18.9819
18.192	5.65451	19.1069


8.77064	8.15468	11.56
7.82862	7.83174	11.4688


12.6629	2.71034	18.7242
13.4678	2.1814	18.9931


8.36948	18.6439	18.5756
8.85678	19.3494	19.0902


13.7485	17.734	17.6238
13.9601	18.3889	18.3493


4.69471	6.88623	18.1087
5.05203	7.6357	18.666


16.7641	8.82255	18.9112
15.8326	9.18619	18.9197


11.4448	20.0816	12.2982
12.3989	20.0792	12.5977


19.2356	12.9272	16.5482
18.9837	13.5929	17.2506


14.1525	15.8453	11.0237
13.6077	15.0433	11.2685


14.0567	11.5322	11.8135
14.515	10.6498	11.7065


14.4075	16.091	6.90787
14.37	17.0874	6.98341


17.3499	16.5637	2.47259
17.0594	17.465	2.15128


15.9836	15.4964	1.61671
16.2229	15.3209	0.661741


3.17277	3.26784	4.29359
4.1643	3.15239	4.353


20.1945	19.3658	11.7836
19.5245	19.8091	12.3791


14.5685	4.9579	11.0646
14.9257	4.0819	10.7406


13.4678	2.1814	18.9931
13.5853	1.73576	18.1057


10.0951	3.74599	16.9518
10.2292	3.26123	16.0874


9.83189	13.7468	19.4175
9.59788	13.6371	20.3835


10.2292	3.26123	16.0874
10.0593	2.4225	15.5701


13.9601	18.3889	18.3493
14.4065	17.7088	18.931


6.09799	19.6971	12.0872
5.31381	20.2194	12.4223


13.9601	18.3889	18.3493
14.096	19.369	18.2047


12.4241	3.37172	10.3824
11.4378	3.53513	10.4053


20.3625	12.9238	18.9778
19.984	12.2864	19.6489


8.29973	8.09342	14.8297
7.99205	8.4713	15.703


11.3492	6.24508	6.97998
12.0831	5.57244	6.88528


10.6834	3.70677	18.7408
10.1514	3.04111	19.2641


20.1346	17.7628	11.1981
20.806	17.7182	10.4584


13.6218	13.4159	9.95593
13.3331	13.0266	9.08123


8.52179	18.8409	12.6325
9.35107	19.3823	12.7711


10.0047	9.83735	6.34311
9.89238	9.12924	7.04021


10.9151	14.8062	17.9385
11.7052	15.3962	18.1045


20.1657	10.8447	12.2845
20.7111	10.2724	11.6722


14.37	17.0874	6.98341
14.7534	18.0095	6.92998


4.70472	7.44389	12.325
4.49617	6.86647	11.5356


4.28274	4.34257	4.60974
3.92643	4.80352	3.797


15.8326	9.18619	18.9197
15.5809	10.1278	19.1435


2.79462	10.5276	15.7139
2.39511	10.8892	16.5563


10.3108	8.26114	17.917
11.2876	8.14834	17.7352


14.7534	18.0095	6.92998
15.0846	18.2877	7.83158


11.7362	10.9496	4.44786
11.6008	11.4659	3.60219


9.03654	7.43703	10.9164
8.69679	6.87945	10.1589


9.16386	14.8032	15.0308
9.89633	15.3025	15.4936


2.56756	9.99988	10.6246
3.4769	9.75607	10.2875


20.806	17.7182	10.4584
21.0297	17.7578	9.48456


14.096	19.369	18.2047
14.8871	19.7445	18.6875


17.6629	8.46639	15.2556
18.2833	8.30153	16.0223


18.9301	18.0193	3.81781
19.7361	17.6339	3.36856


2.39511	10.8892	16.5563
2.16041	11.1217	17.5001


14.7534	18.0095	6.92998
14.0729	18.6758	7.23495


13.7532	15.8497	8.93383
13.0104	16.456	8.6498


6.09799	19.6971	12.0872
5.71211	20.2168	11.325


19.5245	19.8091	12.3791
18.5259	19.7912	12.4285


17.8237	7.05685	4.09974
18.7987	7.20681	4.26396


6.97154	18.9573	5.7466
7.4502	18.1717	5.35444


21.0297	17.7578	9.48456
21.3421	18.4116	8.7954


13.7485	17.734	17.6238
14.3956	17.0431	17.3013


11.6096	7.20881	7.03818
10.9717	7.32604	7.79928


17.5432	8.14985	17.3014
16.7979	7.55442	17.0016


3.58091	20.4631	20.2237
4.30194	19.8936	20.6184


9.29186	2.11376	5.49656
9.19729	2.01172	4.50628


5.48928	5.43622	4.05111
5.77824	6.09327	3.35484


9.19729	2.01172	4.50628
9.57124	1.69616	3.63417


2.92344	6.74332	17.5915
2.57631	7.3051	18.3424


16.7979	7.55442	17.0016
16.1555	6.79363	16.9091


12.5408	10.7006	9.72303
13.119	11.5162	9.74086


17.6635	6.49419	18.9819
17.8148	6.12204	18.0661


16.7448	4.40233	10.6405
17.3823	3.69892	10.3261


18.5352	11.3308	4.28849
18.9133	12.2466	4.15263


21.3421	18.4116	8.7954
21.1098	18.0395	7.89678


3.55501	4.64319	13.0841
4.11899	3.98432	13.5819


10.9717	7.32604	7.79928
10.5545	7.9936	7.1826


20.5547	13.53	19.7496
20.2984	14.4937	19.8242


16.0499	10.8266	16.0345
16.0113	11.8161	16.1736


16.1797	3.5424	12.2442
16.5713	3.15577	13.0792


4.28274	4.34257	4.60974
3.50926	4.17648	3.99807


6.99391	4.27582	15.9923
6.14523	3.77626	15.8186


3.17277	3.26784	4.29359
2.22306	3.56973	4.37681


4.1643	3.15239	4.353
4.76569	2.79557	3.63815


18.192	5.65451	19.1069
17.989	4.71842	19.3941


18.2977	11.1121	5.23492
19.2014	11.4925	5.43117


7.58549	7.40609	14.6977
7.02786	7.71139	15.4696


6.53377	20.4222	11.554
6.8256	20.7208	10.6453


6.40468	9.79775	2.77099
5.58955	9.81047	2.19186


15.5009	15.8183	4.43421
14.5047	15.8788	4.49709


19.984	12.2864	19.6489
20.01	11.3876	20.0865


9.29186	2.11376	5.49656
9.97438	1.95484	6.20995


4.38342	6.31982	18.8718
4.84674	5.67112	18.268


16.966	3.22534	3.40037
16.9624	2.28174	3.0693


7.73313	18.2206	7.70553
8.57573	18.2421	8.24365


18.0099	18.3289	4.8586
17.2502	18.9102	5.15027


4.38342	6.31982	18.8718
5.12046	6.25088	19.5441


11.6317	18.8659	17.7897
11.589	19.2002	18.7312


2.37076	10.4584	12.0978
1.78544	9.66685	12.2735


16.4555	16.0956	13.3532
16.3347	16.8442	14.0051


20.1657	10.8447	12.2845
19.9667	10.1719	12.997


12.6629	2.71034	18.7242
12.0896	1.89182	18.7604


15.5728	16.8428	0.69873
14.6143	17.0085	0.466899


2.42436	5.26554	18.2581
1.90416	6.09509	18.0551


4.49617	6.86647	11.5356
5.49493	6.91453	11.5485


4.76569	2.79557	3.63815
4.78681	1.84769	3.95609


13.3331	13.0266	9.08123
12.7469	13.4798	8.40968


6.5007	19.9013	4.96295
6.11042	20.476	5.68222


12.0831	5.57244	6.88528
12.2012	5.93716	5.96169


3.17429	3.25245	5.71131
3.16324	3.16152	6.7071


18.3767	9.28998	5.18302
19.0706	9.03344	5.85588


14.9317	5.66531	2.16219
14.7995	4.86666	1.57509


10.0593	2.4225	15.5701
10.7641	1.79996	15.2301


5.77824	6.09327	3.35484
5.41706	6.76954	2.7128


17.4301	10.0229	3.71628
16.5113	10.3019	3.4367


17.2502	18.9102	5.15027
16.7443	18.6215	4.33739


2.12566	3.85686	19.2109
2.91198	3.78367	19.8243


14.9276	6.1074	3.05915
13.9347	6.03872	2.96187


9.57124	1.69616	3.63417
9.21168	2.44773	3.08112


14.9257	4.0819	10.7406
14.7796	3.59158	11.5998


8.57573	18.2421	8.24365
9.04742	18.4414	7.3847


13.0104	16.456	8.6498
12.37	17.2134	8.77687


12.0831	5.57244	6.88528
12.9938	5.40666	7.2635


6.14523	3.77626	15.8186
6.45436	3.22309	16.5922


6.37938	16.9339	13.8752
5.64289	16.2688	13.9988


9.62134	20.7333	4.37867
9.55576	19.8676	3.88235


11.2876	8.14834	17.7352
12.1205	7.63217	17.935


16.3999	15.19	2.88538
16.3641	14.1935	2.80898


4.72206	19.5945	8.7733
4.27611	20.4434	9.0571


10.739	16.3434	13.9754
11.2862	15.5217	14.1349


20.2984	14.4937	19.8242
20.7434	15.2693	20.272


20.7434	15.2693	20.272
19.9952	15.8333	19.9227


17.3823	3.69892	10.3261
17.3277	2.70088	10.3566


9.55212	5.23317	4.3022
9.55897	5.94201	3.59685


19.5036	5.24426	4.04403
20.3758	5.71442	4.17929


17.5868	4.93187	2.94594
17.1451	5.7127	2.50408


18.5259	19.7912	12.4285
18.6266	19.7122	13.4203


21.1098	18.0395	7.89678
20.2797	17.4956	7.77353


15.7297	12.176	11.8324
15.3629	11.5564	12.5264


4.27611	20.4434	9.0571
3.53896	20.4111	8.38214


2.11706	9.08526	9.22231
1.93834	9.08404	8.23841


11.5151	5.79581	12.7441
12.1387	6.56811	12.623


16.2677	6.66262	10.1286
17.1045	6.94946	10.5949


17.3499	16.5637	2.47259
16.8532	17.1987	3.06422


14.4475	15.7243	9.64253
15.0419	16.3592	9.14901


2.22306	3.56973	4.37681
2.00264	4.18625	3.62095


18.6266	19.7122	13.4203
17.8088	20.2838	13.488


4.13874	19.1843	17.424
4.12894	19.8186	16.651


3.17277	3.26784	4.29359
3.20788	2.28262	4.46121


13.0772	9.6205	7.56844
14.0194	9.42742	7.29466


7.20423	19.6628	3.2706
6.81034	18.885	2.7809


15.8285	2.60066	4.08985
14.9615	3.09191	4.17351


6.37938	16.9339	13.8752
6.85079	17.706	13.4491


8.69679	6.87945	10.1589
9.5363	6.36098	9.99648


2.69188	4.73539	12.5876
2.28892	3.94099	12.1331


4.12894	19.8186	16.651
4.75283	20.5916	16.7658


6.37938	16.9339	13.8752
7.1557	16.3668	13.5999


19.9667	10.1719	12.997
20.3855	9.264	13.0182


13.4347	7.01043	9.16898
12.5441	6.75347	9.54417


11.6008	11.4659	3.60219
11.2358	12.091	2.91223


20.6621	20.0076	11.1758
19.7517	20.3949	11.0304


19.912	12.0512	15.0558
20.9064	12.1297	15.1257


19.9952	15.8333	19.9227
19.1089	15.4825	19.6203


11.7362	10.9496	4.44786
12.4164	10.323	4.06757


10.1514	3.04111	19.2641
9.36168	3.40883	19.7551


20.2797	17.4956	7.77353
19.5106	16.8825	7.59278


2.39511	10.8892	16.5563
3.31806	11.25	16.6906


5.74982	18.9857	12.6977
5.1559	19.2631	13.4528


3.53896	20.4111	8.38214
2.57554	20.3327	8.12586


9.9221	20.5288	14.3512
10.6742	21.009	14.8026


18.9133	12.2466	4.15263
19.2059	13.1017	3.72472


16.6624	3.0907	4.34363
17.231	2.56256	4.97431


19.1089	15.4825	19.6203
18.2229	15.9189	19.7769


14.515	10.6498	11.7065
13.6367	10.2471	11.9642


6.45436	3.22309	16.5922
7.26589	3.23597	17.1764


5.70621	17.6088	10.704
5.73894	16.635	10.4788


5.58955	9.81047	2.19186
5.18382	9.64506	3.09076


6.81034	18.885	2.7809
6.9772	18.7928	1.79924


13.4678	2.1814	18.9931
14.3606	1.93922	19.373


18.6728	13.877	13.7659
18.4314	14.4453	14.5525


15.2372	6.37245	1.52452
15.8388	7.14755	1.71784


18.9133	12.2466	4.15263
18.689	12.8966	4.87869


17.231	2.56256	4.97431
17.0977	1.8789	5.69183


17.0739	16.232	12.5793
17.1496	16.6189	11.6603


18.5259	19.7912	12.4285
17.6145	19.6439	12.0444


17.231	2.56256	4.97431
18.197	2.56293	5.23308


14.9257	4.0819	10.7406
14.6998	3.71833	9.83684


5.60694	16.843	17.83
5.41583	17.4608	18.5928


2.28892	3.94099	12.1331
2.07356	3.12377	12.6677


5.47609	16.1899	18.576
6.14924	15.6737	19.1055


6.11042	20.476	5.68222
5.1873	20.1068	5.7898


15.9082	10.2825	15.2074
16.8056	10.6782	15.0123


18.2229	15.9189	19.7769
17.4744	15.2617	19.8655


10.9769	13.0042	11.2695
10.6725	12.8593	10.3281


20.01	11.3876	20.0865
20.6479	10.7146	19.712


6.14924	15.6737	19.1055
6.56128	16.5484	18.8501


9.9221	20.5288	14.3512
9.1232	21.1219	14.4514


18.5381	17.5227	4.59223
19.1488	16.9459	5.13471


2.07356	3.12377	12.6677
1.18594	3.57513	12.7595


16.1555	6.79363	16.9091
15.6391	6.39184	16.1528


19.2059	13.1017	3.72472
20.1931	13.0254	3.86533


2.6069	20.3054	20.3863
1.74247	19.8541	20.6078


12.0523	17.4833	15.3283
12.7454	17.7255	14.6494


6.45436	3.22309	16.5922
6.53039	2.30534	16.2024


10.1514	3.04111	19.2641
10.2759	2.18526	18.7621


8.3976	12.2306	12.3259
7.66697	11.5887	12.5585


5.86019	7.56876	13.6898
6.39259	7.29593	14.4912


14.9615	3.09191	4.17351
14.3365	2.88854	4.92722


2.07356	3.12377	12.6677
2.21175	2.1583	12.8885


15.7048	14.0828	9.98237
15.9713	14.3988	9.0718


15.0846	18.2877	7.83158
15.4004	19.0787	7.30753


14.0729	18.6758	7.23495
13.8461	19.2626	6.45761


15.074	10.7923	14.9972
14.0785	10.8875	14.9959


17.989	4.71842	19.3941
18.5184	3.978	18.98


17.6145	19.6439	12.0444
16.6418	19.8252	12.1892


11.2358	12.091	2.91223
12.0364	12.5897	3.2443


20.6479	10.7146	19.712
20.9983	10.4642	18.8095


10.7686	11.6488	12.7132
11.4532	11.3812	13.3913


8.57573	18.2421	8.24365
9.18413	18.0551	9.01494


7.3797	3.92215	5.94662
6.85125	3.32843	6.55345


2.21175	2.1583	12.8885
3.16955	1.96933	13.1051


18.5184	3.978	18.98
19.5145	3.89015	18.9701


16.5113	10.3019	3.4367
16.5327	9.90667	4.35504


16.3347	16.8442	14.0051
15.6601	16.8884	13.2683


5.18382	9.64506	3.09076
5.41921	9.85984	4.03863


19.9952	15.8333	19.9227
20.6786	16.4109	19.4763


12.5441	6.75347	9.54417
12.6514	7.23312	10.415


9.55576	19.8676	3.88235
9.88724	18.9702	3.59116


19.2826	16.7353	11.9503
18.9029	16.0265	11.3558


20.9983	10.4642	18.8095
20.5498	9.61283	19.0815


16.5713	3.15577	13.0792
17.1028	2.70834	13.7984


18.7987	7.20681	4.26396
18.108	6.6196	4.68593


17.1	8.20983	18.1958
16.126	8.3384	18.382


17.1028	2.70834	13.7984
16.5746	1.85969	13.8264


11.2876	8.14834	17.7352
11.2491	8.6973	16.9002


5.50325	8.35986	14.1866
5.75393	9.23212	14.6065


9.21168	2.44773	3.08112
8.97738	2.20707	2.13921


19.5145	3.89015	18.9701
19.8057	3.2503	18.2589


17.1028	2.70834	13.7984
18.0111	2.43366	14.1139


19.8057	3.2503	18.2589
19.2275	2.43577	18.3063


3.31806	11.25	16.6906
3.97037	11.5591	15.9985


17.0279	6.58068	4.47371
16.6304	5.96542	5.15448


16.7443	18.6215	4.33739
16.5758	19.5701	4.06927


2.00264	4.18625	3.62095
1.0405	4.26215	3.88273


19.0706	9.03344	5.85588
19.9167	9.10338	5.32753


1.77876	4.64946	18.7094
2.50475	4.94102	19.3322


1.93834	9.08404	8.23841
1.12571	9.26999	7.68608


3.92643	4.80352	3.797
3.25459	5.49666	3.53585


17.7773	5.26699	5.10775
17.1509	4.83026	4.46206


10.0231	5.63674	17.4237
10.7962	5.1882	17.8722


9.18413	18.0551	9.01494
9.19281	19.0443	9.16125


2.57631	7.3051	18.3424
2.62231	7.805	19.2073


16.9624	2.28174	3.0693
17.3748	2.54265	2.19649


6.9772	18.7928	1.79924
7.10525	19.7119	1.42678


10.6217	7.1831	19.126
9.99579	7.57789	19.7985


14.3606	1.93922	19.373
14.4051	2.29346	20.3071


8.86352	5.95689	12.1318
8.37725	5.20937	11.6793


9.73391	5.01021	5.25992
9.74954	6.00883	5.20963


8.35809	2.37766	5.73829
8.2528	1.8434	6.57702


18.8362	12.1806	11.4426
18.3616	11.3404	11.705


16.8056	10.6782	15.0123
17.4981	10.8907	15.7017


18.197	2.56293	5.23308
18.9518	2.74062	4.60163


16.2677	6.66262	10.1286
16.8192	6.74784	9.29881


16.0113	11.8161	16.1736
15.2116	12.3998	16.314


2.21175	2.1583	12.8885
1.76329	1.89275	13.742


8.69679	6.87945	10.1589
8.07873	7.36638	9.54177


9.88724	18.9702	3.59116
9.68734	18.1021	3.13677


6.14924	15.6737	19.1055
5.78939	15.0618	19.8097


10.5747	13.2812	17.5197
9.77239	13.5386	16.9811


17.0279	8.77168	7.68208
17.7869	9.10758	8.23991


20.3855	9.264	13.0182
20.389	9.4859	13.9933


7.10525	19.7119	1.42678
7.12706	20.6473	1.07377


12.9811	10.1193	9.03878
13.7631	10.2493	9.64843


14.9851	14.1065	8.20215
15.6446	14.792	7.8935


15.5643	10.0863	7.47652
16.0287	10.9179	7.78135


11.4378	3.53513	10.4053
12.0699	4.28425	10.207


5.78894	17.5547	13.3595
5.31786	17.718	14.2263


4.71027	6.03095	13.8855
4.77785	5.60207	12.9847


18.192	5.65451	19.1069
18.8215	5.61836	19.883


17.231	2.56256	4.97431
16.5392	2.06835	4.44792


16.3641	14.1935	2.80898
16.6792	13.2446	2.8249


2.37076	10.4584	12.0978
1.71361	10.6468	11.3679


16.6418	19.8252	12.1892
15.9272	20.4502	12.5036


5.18382	9.64506	3.09076
4.7104	8.81454	2.79732


12.6514	7.23312	10.415
13.2335	8.03482	10.5508


7.4502	18.1717	5.35444
7.05789	17.252	5.37092


2.10964	20.5014	17.1802
1.64134	20.3559	16.3087


2.57554	20.3327	8.12586
1.9323	19.9772	7.44771


9.89238	9.12924	7.04021
9.56169	8.55182	6.29373


19.7361	17.6339	3.36856
19.1738	17.4448	2.5635


16.2229	15.3209	0.661741
17.049	15.6431	0.199336


4.12894	19.8186	16.651
3.3982	19.3334	16.1708


8.85678	19.3494	19.0902
8.46764	20.2075	18.7553


7.12706	20.6473	1.07377
6.42035	21.0932	1.62303


16.5758	19.5701	4.06927
15.6138	19.7104	3.83535


3.58091	20.4631	20.2237
3.55029	20.7817	21.1711


3.4769	9.75607	10.2875
4.27504	9.88723	9.69946


11.6317	18.8659	17.7897
12.0018	19.7736	17.5919


21.0297	17.7578	9.48456
21.3207	17.1218	8.76992


16.5746	1.85969	13.8264
15.6057	2.10042	13.884


9.97438	1.95484	6.20995
10.0604	1.73596	7.1819


14.969	14.4306	6.21646
14.4595	13.7151	5.7386


12.7809	17.5811	17.8246
11.9178	17.9349	18.185


5.78939	15.0618	19.8097
5.06062	14.4325	19.5396


9.12571	4.60493	6.51205
8.6957	5.41672	6.11696


7.12706	20.6473	1.07377
7.8533	20.1804	0.569223


7.26589	3.23597	17.1764
7.7001	2.51487	17.7163


5.12046	6.25088	19.5441
5.8403	6.76337	20.0123


20.9064	12.1297	15.1257
21.2402	11.8875	14.2147


1.93834	9.08404	8.23841
2.45903	9.91461	8.43601


15.6391	6.39184	16.1528
15.1176	5.56184	15.9552


16.4211	14.6087	1.76006
17.0442	14.0418	1.22115


18.108	6.6196	4.68593
18.6598	6.12193	5.35507


4.71027	6.03095	13.8855
4.33617	5.81937	14.7884


13.8461	19.2626	6.45761
13.7474	18.2969	6.21729


18.6266	19.7122	13.4203
18.2436	18.8297	13.6934


19.2275	2.43577	18.3063
19.7493	2.01967	17.5616


14.8871	19.7445	18.6875
15.326	20.3344	18.0098


17.6629	8.46639	15.2556
17.652	8.17508	14.299


5.1873	20.1068	5.7898
4.60272	19.2955	5.78982


4.7104	8.81454	2.79732
3.90257	9.40383	2.78575


20.2984	14.4937	19.8242
19.6528	14.4056	20.5828


10.8086	5.96456	12.0568
10.8764	5.62975	11.117


1.76329	1.89275	13.742
1.6848	2.43267	14.58


3.90257	9.40383	2.78575
3.38569	10.1091	2.30061


10.2759	2.18526	18.7621
10.0624	1.64163	19.5738


18.2977	11.1121	5.23492
17.5902	11.2164	4.53588


3.16324	3.16152	6.7071
2.76619	3.93457	7.20182


3.38569	10.1091	2.30061
2.86881	10.8145	1.81546


17.3748	2.54265	2.19649
17.3684	1.72935	1.61467


2.86881	10.8145	1.81546
2.35192	11.5198	1.33032


2.35192	11.5198	1.33032
2	12	1


