2	20	20	9.05323e-46
2.0963	19.9963	19.9385	1.0167e-45
2.1926	19.9926	19.877	1.10777e-45
2.28888	19.9888	19.8155	1.18634e-45
2.38513	19.985	19.7539	1.27262e-45
2.48135	19.9811	19.6924	1.39476e-45
2.57752	19.9771	19.6309	1.58215e-45
2.67364	19.973	19.5693	1.85949e-45
2.76971	19.9688	19.5078	2.24271e-45
2.8657	19.9645	19.4463	2.73699e-45
2.96162	19.96	19.3847	3.33671e-45
3.05746	19.9553	19.3231	4.02938e-45
3.15319	19.9504	19.2616	4.80754e-45
3.24883	19.9453	19.2	5.69002e-45
3.34436	19.94	19.1384	6.74854e-45
3.43976	19.9345	19.0768	8.12691e-45
3.53504	19.9286	19.0152	1.00383e-44
3.63018	19.9225	18.9535	1.27321e-44
3.72517	19.9161	18.8919	1.64405e-44
3.82001	19.9094	18.8302	2.13317e-44
3.91469	19.9023	18.7685	2.75077e-44
4.0092	19.8949	18.7068	3.50809e-44
4.10353	19.8872	18.6451	4.43465e-44
4.19767	19.879	18.5834	5.6069e-44
4.29161	19.8704	18.5216	7.19242e-44
4.38535	19.8614	18.4598	9.51949e-44
4.47887	19.852	18.398	1.31867e-43
4.57217	19.8421	18.3362	1.92253e-43
4.66524	19.8317	18.2744	2.93121e-43
4.75807	19.8208	18.2125	4.60106e-43
4.85065	19.8095	18.1506	7.30084e-43
4.94298	19.7976	18.0887	1.15375e-42
5.03504	19.7851	18.0267	1.80041e-42
5.12683	19.7721	17.9647	2.77085e-42
5.21833	19.7585	17.9027	4.23098e-42
5.30955	19.7443	17.8407	6.49016e-42
5.40046	19.7295	17.7786	1.01688e-41
5.49107	19.714	17.7165	1.65396e-41
5.58136	19.6979	17.6544	2.82116e-41
5.67133	19.6812	17.5922	5.05054e-41
5.76096	19.6637	17.53	9.42285e-41
5.85025	19.6455	17.4678	1.81273e-40
5.93919	19.6267	17.4055	3.55876e-40
6.02777	19.607	17.3432	7.07428e-40
6.11598	19.5866	17.2808	1.418e-39
6.20382	19.5655	17.2184	2.86667e-39
6.29127	19.5435	17.156	5.87337e-39
6.37832	19.5208	17.0935	1.22988e-38
6.46498	19.4972	17.031	2.6561e-38
6.55122	19.4727	16.9685	5.94888e-38
6.63705	19.4474	16.9059	1.38059e-37
6.72245	19.4213	16.8432	3.29822e-37
6.80741	19.3942	16.7805	8.04186e-37
6.89193	19.3662	16.7178	1.98786e-36
6.97599	19.3373	16.655	4.96822e-36
7.05959	19.3074	16.5922	1.25747e-35
7.14273	19.2765	16.5293	3.23949e-35
7.22538	19.2447	16.4664	8.55692e-35
7.30754	19.2118	16.4034	2.33682e-34
7.38921	19.178	16.3404	6.64889e-34
7.47038	19.1431	16.2773	1.98095e-33
7.55103	19.1071	16.2142	6.18085e-33
7.63116	19.0701	16.151	2.00794e-32
7.71076	19.0319	16.0878	6.72154e-32
7.78982	18.9927	16.0245	2.29106e-31
7.86833	18.9523	15.9611	7.87039e-31
7.94629	18.9108	15.8977	2.70684e-30
8.02368	18.8681	15.8342	9.29943e-30
8.1005	18.8243	15.7707	3.19832e-29
8.17674	18.7792	15.7071	1.10808e-28
8.25239	18.7329	15.6435	3.90417e-28
8.32743	18.6854	15.5798	1.41489e-27
8.40188	18.6367	15.516	5.33167e-27
8.4757	18.5867	15.4522	2.10484e-26
8.5489	18.5353	15.3883	8.72029e-26
8.62147	18.4827	15.3243	3.77281e-25
8.6934	18.4288	15.2603	1.68723e-24
8.76468	18.3735	15.1962	7.69968e-24
8.8353	18.3169	15.132	3.54007e-23
8.90525	18.2589	15.0678	1.62211e-22
8.97452	18.1995	15.0035	7.34765e-22
9.04311	18.1386	14.9391	3.27287e-21
9.11101	18.0764	14.8746	1.4298e-20
9.17821	18.0127	14.8101	6.12436e-20
9.2447	17.9476	14.7455	2.57637e-19
9.31047	17.8809	14.6809	1.06779e-18
9.37551	17.8128	14.6161	4.3773e-18
9.43981	17.7432	14.5513	1.78138e-17
9.50338	17.672	14.4864	7.21315e-17
9.56619	17.5993	14.4214	2.90588e-16
9.62824	17.525	14.3564	1.16157e-15
9.68951	17.4491	14.2913	4.58492e-15
9.75001	17.3716	14.226	1.77638e-14
9.80973	17.2925	14.1608	6.71455e-14
9.86865	17.2118	14.0954	2.4629e-13
9.92676	17.1293	14.0299	8.72983e-13
9.98406	17.0453	13.9644	2.98184e-12
10.0405	16.9595	13.8988	9.80199e-12
10.0962	16.872	13.833	3.1015e-11
10.151	16.7828	13.7672	9.46143e-11
10.205	16.6919	13.7014	2.79063e-10
10.2581	16.5992	13.6354	7.98521e-10
10.3103	16.5047	13.5693	2.22272e-09
10.3617	16.4086	13.5032	6.02661e-09
10.4122	16.3108	13.437	1.59009e-08
10.4619	16.2114	13.3707	4.06705e-08
10.5107	16.1104	13.3043	1.00217e-07
10.5586	16.0079	13.2378	2.36092e-07
10.6056	15.9038	13.1713	5.27569e-07
10.6517	15.7983	13.1047	1.1103e-06
10.6969	15.6913	13.038	2.18803e-06
10.7412	15.5829	12.9713	4.02072e-06
10.7846	15.4731	12.9045	6.87264e-06
10.8272	15.362	12.8376	1.09196e-05
10.8688	15.2496	12.7707	1.61426e-05
10.9095	15.1359	12.7037	2.22585e-05
10.9492	15.0209	12.6366	2.87245e-05
10.9881	14.9048	12.5695	3.48117e-05
11.026	14.7875	12.5024	3.97068e-05
11.063	14.669	12.4352	4.26183e-05
11.0991	14.5495	12.3679	4.29169e-05
11.1342	14.4289	12.3006	4.0336e-05
11.1683	14.3072	12.2333	3.51697e-05
11.2016	14.1846	12.1659	2.83075e-05
11.2338	14.061	12.0985	2.09988e-05
11.2652	13.9365	12.031	1.44245e-05
11.2955	13.8111	11.9635	9.31553e-06
11.3249	13.6849	11.896	5.82565e-06
11.3533	13.5578	11.8284	3.67693e-06
11.3808	13.43	11.7608	2.42668e-06
11.4072	13.3014	11.6932	1.68418e-06
11.4327	13.1721	11.6256	1.19986e-06
11.4572	13.0421	11.5579	8.51827e-07
11.4807	12.9114	11.4902	5.93453e-07
11.5032	12.7802	11.4225	4.07943e-07
11.5247	12.6484	11.3548	2.83926e-07
11.5452	12.516	11.287	2.07367e-07
11.5648	12.3832	11.2193	1.61929e-07
11.5832	12.2499	11.1515	1.32516e-07
11.6007	12.1161	11.0838	1.08755e-07
11.6172	11.982	11.016	8.63147e-08
11.6326	11.8475	10.9482	6.55113e-08
11.647	11.7126	10.8804	4.84005e-08
11.6604	11.5775	10.8126	3.62777e-08
11.6727	11.4421	10.7449	2.87691e-08
11.684	11.3065	10.6771	2.43553e-08
11.6942	11.1707	10.6093	2.13897e-08
11.7034	11.0347	10.5415	1.88015e-08
11.7116	10.8987	10.4738	1.62496e-08
11.7186	10.7625	10.4061	1.3913e-08
11.7246	10.6263	10.3383	1.21694e-08
11.7296	10.4901	10.2706	1.12991e-08
11.7335	10.3539	10.2029	1.12829e-08
11.7363	10.2177	10.1353	1.17639e-08
11.738	10.0817	10.0676	1.22119e-08
11.7386	9.94576	10	1.22199e-08
11.7382	9.81	9.93242	1.17451e-08
11.7367	9.67444	9.86486	1.1127e-08
11.734	9.53911	9.79733	1.08681e-08
11.7303	9.40404	9.72983	1.13329e-08
11.7254	9.26928	9.66237	1.25655e-08
11.7195	9.13485	9.59495	1.4318e-08
11.7124	9.0008	9.52757	1.62446e-08
11.7042	8.86715	9.46023	1.81554e-08
11.6949	8.73394	9.39293	2.02513e-08
11.6845	8.60121	9.32569	2.32803e-08
11.6729	8.46899	9.25848	2.85047e-08
11.6602	8.33732	9.19133	3.73358e-08
11.6464	8.20623	9.12424	5.06518e-08
11.6314	8.07576	9.05719	6.81755e-08
11.6153	7.94594	8.99021	8.8587e-08
11.598	7.8168	8.92328	1.10875e-07
11.5796	7.68839	8.85641	1.36659e-07
11.56	7.56073	8.78961	1.72345e-07
11.5392	7.43386	8.72287	2.29794e-07
11.5173	7.30782	8.6562	3.25051e-07
11.4942	7.18265	8.5896	4.76018e-07
11.4699	7.05836	8.52307	7.01056e-07
11.4445	6.93501	8.45662	1.0214e-06
11.4178	6.81263	8.39024	1.47268e-06
11.39	6.69125	8.32393	2.13472e-06
11.361	6.5709	8.25771	3.19002e-06
11.3308	6.45163	8.19157	5.00934e-06
11.2993	6.33346	8.12551	8.23462e-06
11.2667	6.21643	8.05954	1.38009e-05
11.2329	6.10058	7.99366	2.28567e-05
11.1978	5.98594	7.92787	3.66525e-05
11.1615	5.87255	7.86217	5.6666e-05
11.124	5.76043	7.79657	8.54268e-05
11.0853	5.64964	7.73106	0.000128583
11.0453	5.54019	7.66566	0.00019869
11.0041	5.43213	7.60035	0.000321116
10.9617	5.3255	7.53514	0.000542365
10.918	5.22032	7.47005	0.000940372
10.8731	5.11663	7.40506	0.00163397
10.8269	5.01446	7.34017	0.00278425
10.7795	4.91386	7.2754	0.00457637
10.7307	4.81485	7.21075	0.00717174
10.6808	4.71748	7.14621	0.0106333
10.6295	4.62177	7.08178	0.0148471
10.577	4.52776	7.01748	0.019482
10.5232	4.43548	6.9533	0.0240219
10.4682	4.34492	6.88924	0.0278741
10.4119	4.25606	6.82529	0.0305275
10.3543	4.16888	6.76147	0.03169
10.2955	4.08337	6.69777	0.0313464
10.2356	3.99951	6.63418	0.0297168
10.1744	3.91728	6.5707	0.0271498
10.112	3.83666	6.50734	0.0240069
10.0484	3.75765	6.44409	0.0205905
9.98371	3.68021	6.38095	0.0171254
9.91783	3.60433	6.31792	0.0137788
9.85082	3.53	6.255	0.010684
9.78269	3.4572	6.19219	0.00795063
9.71344	3.38591	6.12948	0.00565703
9.6431	3.31611	6.06688	0.00383764
9.57166	3.24779	6.00438	0.00247804
9.49915	3.18092	5.94199	0.00152249
9.42559	3.1155	5.8797	0.000890834
9.35097	3.0515	5.8175	0.000497513
9.27532	2.9889	5.75541	0.000266132
9.19864	2.9277	5.69341	0.000136993
9.12096	2.86786	5.63151	6.82369e-05
9.04227	2.80938	5.5697	3.30882e-05
8.96261	2.75224	5.50799	1.5714e-05
8.88197	2.69642	5.44637	7.35227e-06
8.80037	2.64189	5.38484	3.40965e-06
8.71783	2.58866	5.32341	1.57814e-06
8.63435	2.53669	5.26206	7.34893e-07
8.54995	2.48597	5.2008	3.47104e-07
8.46465	2.43648	5.13962	1.67167e-07
8.37845	2.38821	5.07854	8.20398e-08
8.29136	2.34113	5.01753	4.07304e-08
8.20341	2.29524	4.95661	2.0228e-08
8.1146	2.25051	4.89577	9.93974e-09
8.02495	2.20692	4.83501	4.79787e-09
7.93447	2.16447	4.77433	2.2713e-09
7.84316	2.12312	4.71373	1.05954e-09
7.75106	2.08287	4.65321	4.92532e-10
7.65816	2.0437	4.59276	2.3196e-10
7.56448	2.00558	4.53239	1.12745e-10
7.47003	1.96851	4.47208	5.73637e-11
7.37483	1.93246	4.41186	3.0645e-11
7.27889	1.89741	4.3517	1.70192e-11
7.18222	1.86336	4.29161	9.64859e-12
7.08483	1.83028	4.23159	5.47855e-12
6.98674	1.79815	4.17163	3.0717e-12
6.88796	1.76696	4.11175	1.68955e-12
6.7885	1.73669	4.05192	9.13809e-13
6.68837	1.70733	3.99216	4.91467e-13
6.5876	1.67885	3.93247	2.67503e-13
6.48618	1.65123	3.87283	1.49912e-13
6.38414	1.62447	3.81326	8.71682e-14
6.28149	1.59854	3.75374	5.22725e-14
6.17823	1.57343	3.69428	3.18529e-14
6.07439	1.54911	3.63487	1.9438e-14
5.96997	1.52558	3.57552	1.17816e-14
5.86498	1.50281	3.51623	7.09466e-15
5.75945	1.48079	3.45699	4.28273e-15
5.65338	1.4595	3.39779	2.63465e-15
5.54679	1.43891	3.33865	1.68378e-15
5.43969	1.41903	3.27956	1.13146e-15
5.33208	1.39982	3.22051	7.95677e-16
5.22399	1.38126	3.16151	5.73569e-16
5.11543	1.36336	3.10256	4.13061e-16
5.00641	1.34607	3.04365	2.91356e-16
4.89694	1.3294	2.98478	1.99599e-16
4.78704	1.31331	2.92596	1.33419e-16
4.67671	1.2978	2.86717	8.85233e-17
4.56597	1.28284	2.80843	5.97969e-17
4.45484	1.26842	2.74972	4.20407e-17
4.34333	1.25453	2.69105	3.09318e-17
4.23144	1.24113	2.63241	2.34961e-17
4.1192	1.22822	2.57381	1.80336e-17
4.00661	1.21578	2.51524	1.37471e-17
3.89368	1.20379	2.4567	1.03379e-17
3.78044	1.19224	2.39819	7.70821e-18
3.66689	1.1811	2.33971	5.79229e-18
3.55305	1.17036	2.28127	4.48602e-18
3.43893	1.16001	2.22284	3.63757e-18
3.32454	1.15001	2.16444	3.07423e-18
3.20989	1.14037	2.10607	2.64345e-18
3.095	1.13105	2.04772	2.24649e-18
2.97988	1.12205	1.98939	1.84893e-18
2.86454	1.11335	1.93109	1.46541e-18
2.749	1.10492	1.8728	1.1299e-18
2.63326	1.09675	1.81453	8.68161e-19
2.51735	1.08882	1.75628	6.84539e-19
2.40127	1.08112	1.69804	5.64055e-19
2.28503	1.07363	1.63982	4.83193e-19
2.16866	1.06633	1.58161	4.20759e-19
2.05216	1.0592	1.52342	3.63811e-19
1.93554	1.05223	1.46523	3.08206e-19
1.81882	1.0454	1.40706	2.55861e-19
1.70201	1.03869	1.34889	2.11024e-19
1.58513	1.03208	1.29073	1.77017e-19
1.46818	1.02556	1.23258	1.54233e-19
1.35118	1.01911	1.17443	1.39839e-19
1.23414	1.01271	1.11628	1.29114e-19
1.11708	1.00635	1.05814	1.17683e-19
1	1	1	1.03388e-19
