0
1
2
3
4
5
6
7
8
9
10
11
12
13
14
15
16
17
20
21
22
23
24
25
27
28
30
31
33
34
35
36
37
38
40
41
42
43
44
45
46
47
48
49
51
52
53
54
55
56
57
58
60
66
67
75
95
97
99
100
101
103
104
105
106
107
108
109
110
112
113
115
116
117
118
119
122
124
125
126
131
132
134
135
136
137
138
139
140
142
143
144
146
147
149
152
153
154
156
157
158
160
162
163
166
168
169
170
173
174
176
177
179
181
182
187
193
197
202
208
211
214
217
218
223
224
226
229
234
237
238
241
243
246
247
248
249
250
254
256
257
258
260
261
266
273
277
278
279
280
284
285
290
292
293
294
300
305
306
309
310
312
313
314
315
317
324
325
326
328
329
330
331
332
337
338
340
343
344
345
346
356
360
367
376
377
381
384
392
393
397
398
400
401
403
405
406
407
411
426
428
439
479
482
493
551
555
557
561
564
575
582
583
594
597
599
602
607
608
620
621
625
632
637
646
647
650
673
677
688
689
692
696
711
716
725
728
748
752
758
761
762
763
764
769
770
775
803
817
818
819
822
839
845
848
853
855
858
861
873
882
883
898
902
904
906
914
928
932
937
952
962
966
973
974
982
984
1005
1010
1012
1069
1075
1078
1100
1148
1168
1187
1189
1209
1233
1267
1326
1333
1344
1375
1380
1404
1523
1537
1582
1595
1654
1683
1717
1758
1819
1830
1852
1869
1874
1890
1909
1977
2033
2046
2049
2147
2209
2264
2314
2413
2456
2508
2520
2530
2745
2780
2937
3062
3169
3373
3397
3658
3919
4098
4099
