1	21
1.0153	20.9012
1.07909	20.8242
1.17693	20.8035
1.27693	20.8039
1.36735	20.7612
1.36652	20.6612
1.46501	20.6439
1.47226	20.5442
1.54944	20.4806
1.57488	20.3839
1.64002	20.308
1.70995	20.2365
1.71761	20.1368
1.78859	20.0664
1.88441	20.0378
1.96688	19.9812
1.96132	19.8813
2.01643	19.7979
2.11559	19.8108
2.14045	19.714
2.1889	19.6265
2.28561	19.601
2.36173	19.5362
2.42687	19.4603
2.52644	19.451
2.58855	19.3727
2.68855	19.3734
2.75114	19.2954
2.85	19.3105
2.91141	19.2316
3.01031	19.2168
3.0817	19.1468
3.14964	19.0734
3.22563	19.0084
3.3255	19.0033
3.4244	19.018
3.52256	19.0372
3.61568	19.0007
3.71493	19.013
3.81438	19.0025
3.9128	19.0202
4.01086	19.0398
4.09027	19.1005
4.16984	19.04
4.26893	19.0265
4.36875	19.0326
4.46688	19.0133
4.56489	19.0332
4.66271	19.0539
4.68865	19.1505
4.78722	19.1337
4.85387	19.0591
4.95191	19.0394
5.05099	19.0259
5.15096	19.0238
5.14914	18.9238
5.16774	18.8255
5.18088	18.7264
5.27663	18.6975
5.3258	18.6105
5.30771	18.5121
5.35995	18.4268
5.45976	18.433
5.55728	18.4552
5.62046	18.3777
5.71919	18.3936
5.78331	18.3168
5.85605	18.2482
5.94984	18.2829
6.02797	18.2205
6.09243	18.144
6.15805	18.0686
6.21024	17.9833
6.27749	17.9092
6.33678	17.8287
6.32708	17.7292
6.33747	17.6297
6.43725	17.6231
6.48863	17.5373
6.46322	17.4406
6.55948	17.4135
6.65368	17.447
6.72717	17.3792
6.7992	17.3098
6.89624	17.2857
6.9497	17.2012
6.92421	17.1045
6.89209	17.0098
6.8847	16.9101
6.94291	16.8287
6.99391	16.7427
7.02541	16.6478
6.95473	16.5771
6.95485	16.4771
6.92392	16.382
6.97734	16.2974
7.04491	16.2237
7.11248	16.15
7.13404	16.0524
7.16399	15.9569
7.16132	15.857
7.23398	15.7883
7.19229	15.6974
7.15455	15.6048
7.22335	15.5322
7.20348	15.4342
7.12739	15.3693
7.17698	15.2825
7.26164	15.2292
7.35156	15.1855
7.42907	15.1223
7.4996	15.0514
7.49142	14.9517
7.47682	14.8528
7.45541	14.7551
7.39446	14.6759
7.34392	14.5896
7.30485	14.4975
7.25171	14.4128
7.18219	14.3409
7.13622	14.2521
7.0618	14.1853
6.97052	14.1445
6.8924	14.082
6.85771	13.9883
6.81749	13.8967
6.74547	13.8273
6.65388	13.7872
6.56774	13.7364
6.53124	13.6433
6.51584	13.5445
6.43937	13.4801
6.37874	13.4005
6.35737	13.3028
6.36208	13.2029
6.40427	13.1123
6.31362	13.07
6.31241	12.9701
6.26815	12.8804
6.27675	12.7807
6.23442	12.6901
6.29225	12.6086
6.37075	12.5466
6.44597	12.4807
6.44447	12.3807
6.527	12.3243
6.56545	12.2319
6.51312	12.1467
6.43274	12.0872
6.401	11.9924
6.48089	11.9323
6.56712	11.8816
6.64697	11.8214
6.63415	11.7222
6.72176	11.674
6.70304	11.5758
6.78343	11.5163
6.86383	11.4568
6.94422	11.3974
6.97517	11.3023
6.96212	11.2031
6.91415	11.1154
6.99541	11.0571
7.09213	11.0317
7.19139	11.0196
7.28982	11.0019
7.38982	11.0018
7.4855	11.0308
7.58532	11.0248
7.67714	11.0644
7.77555	11.0821
7.85508	11.0215
7.95353	11.004
8.05282	11.0159
8.14874	11.0441
8.24064	11.0047
8.34016	11.0145
8.43818	11.0343
8.53708	11.0491
8.61676	11.1096
8.6843	11.0358
8.77896	11.0681
8.85614	11.0045
8.95455	11.0223
9.04422	11.0665
9.1433	11.0531
9.16166	10.9548
9.19103	10.8592
9.27428	10.8038
9.34163	10.7299
9.41841	10.6658
9.51836	10.6689
9.61673	10.6869
9.66799	10.601
9.74813	10.5412
9.84635	10.5224
9.93982	10.558
10.0155	10.4926
10.0846	10.4203
10.1579	10.4883
10.2481	10.5314
10.3315	10.4762
10.4063	10.4098
10.4906	10.356
10.5463	10.273
10.6399	10.2377
10.7395	10.2295
10.8383	10.245
10.9327	10.278
11.0165	10.3327
11.1014	10.3854
11.174	10.3166
11.2466	10.2478
11.3175	10.1773
11.4001	10.2338
11.4774	10.2972
11.5574	10.3572
11.6284	10.2868
11.7147	10.2363
11.7886	10.1689
11.8743	10.2204
11.9446	10.1494
12.0431	10.1666
12.1288	10.2182
12.227	10.2367
12.3249	10.2572
12.4016	10.193
12.4173	10.0943
12.486	10.0215
12.5546	9.94881
12.5715	9.85026
12.5699	9.75027
12.6196	9.66353
12.6919	9.5944
12.7601	9.52129
12.8162	9.43847
12.887	9.36792
12.9626	9.30238
13.0321	9.23053
13.0322	9.13053
13.1157	9.07554
13.1903	9.00901
13.2602	8.93741
13.33	8.86582
13.2904	8.77396
13.3656	8.708
13.345	8.61014
13.4159	8.53963
13.4869	8.46913
13.5802	8.43314
13.563	8.33462
13.6342	8.2644
13.7054	8.19418
13.7771	8.12449
13.8052	8.02851
13.8767	7.95863
13.9482	7.88876
14.0198	7.81888
13.9915	7.72295
14.0811	7.67847
14.0839	7.57851
14.1563	7.50959
14.2288	7.44067
14.3237	7.40928
14.3959	7.34003
14.468	7.27078
14.5658	7.24999
14.6375	7.18031
14.6989	7.10138
14.7708	7.03182
14.8223	6.94613
14.9222	6.95033
14.9989	6.88615
15.0703	6.81613
15.0359	6.72226
15.108	6.65303
15.1802	6.5838
15.2744	6.55022
15.3462	6.48062
15.418	6.41102
15.4898	6.34142
15.4703	6.24334
15.5632	6.20642
15.6354	6.13726
15.5837	6.0517
15.6568	5.98349
15.7299	5.91528
15.8033	5.84738
15.8765	5.77917
15.9501	5.71151
16.0232	5.6433
16.0963	5.57508
16.1694	5.50686
16.2426	5.43864
16.2765	5.34457
16.2545	5.24701
16.329	5.18032
16.3462	5.08181
16.4214	5.01587
16.5148	4.98008
16.5896	4.91371
16.6644	4.84734
16.7392	4.78096
16.814	4.71459
16.9117	4.73553
16.9856	4.66807
17.0723	4.61831
17.1638	4.65856
17.2362	4.58954
17.3281	4.62899
17.4052	4.56537
17.4844	4.5043
17.5769	4.54244
17.6752	4.56042
17.7502	4.62667
17.814	4.7036
17.913	4.7183
18.0031	4.67502
18.0663	4.59752
18.1654	4.58422
18.2608	4.55424
18.3607	4.55921
18.452	4.5185
18.5513	4.53029
18.65	4.51393
18.7292	4.57501
18.8271	4.55491
18.9174	4.51199
19.0168	4.52351
19.0658	4.43636
19.1149	4.34922
19.1639	4.26207
19.213	4.17493
19.262	4.08779
19.3111	4.00064
19.3223	3.90128
19.3724	3.81471
19.4224	3.72814
19.5144	3.6889
19.5628	3.60137
19.6111	3.51384
19.6595	3.42631
19.7079	3.33878
19.7562	3.25125
19.8046	3.16372
19.8529	3.07619
19.9013	2.98867
19.8277	2.921
19.8798	2.83564
19.9318	2.75028
19.9839	2.66492
20.036	2.57956
20.0881	2.4942
20.1402	2.40884
20.1923	2.32348
20.2431	2.23734
20.2953	2.15203
20.3475	2.06673
20.3996	1.98142
20.4518	1.89612
20.504	1.81081
20.5562	1.72551
20.4744	1.66796
20.5362	1.58937
20.5981	1.51078
20.6599	1.4322
20.7218	1.35361
20.7836	1.27502
20.8454	1.19643
20.9073	1.11784
20.9691	1.03926
21	1
