1	21
1.0733	20.9959
1.14659	20.9918
1.21985	20.9876
1.29309	20.9835
1.36629	20.9793
1.43943	20.9751
1.51251	20.9709
1.58552	20.9666
1.65845	20.9623
1.73128	20.9579
1.80401	20.9535
1.87663	20.949
1.94912	20.9444
2.02148	20.9398
2.09369	20.935
2.16575	20.9302
2.23765	20.9253
2.30937	20.9203
2.3809	20.9151
2.45223	20.9099
2.52336	20.9045
2.59428	20.899
2.66496	20.8934
2.73541	20.8877
2.80561	20.8818
2.87555	20.8757
2.94523	20.8695
3.01462	20.8632
3.08373	20.8566
3.15254	20.8499
3.22103	20.843
3.28921	20.836
3.35705	20.8287
3.42456	20.8213
3.49171	20.8136
3.55851	20.8057
3.62493	20.7977
3.69097	20.7894
3.75661	20.7808
3.82186	20.7721
3.88669	20.7631
3.9511	20.7538
4.01507	20.7443
4.0786	20.7346
4.14167	20.7246
4.20428	20.7143
4.26642	20.7037
4.32807	20.6929
4.38923	20.6818
4.44987	20.6704
4.51001	20.6586
4.56961	20.6466
4.62868	20.6343
4.6872	20.6217
4.74517	20.6087
4.80256	20.5954
4.85938	20.5818
4.91561	20.5678
4.97124	20.5535
5.02626	20.5388
5.08066	20.5238
5.13443	20.5084
5.18756	20.4927
5.24004	20.4765
5.29186	20.46
5.34301	20.4431
5.39348	20.4258
5.44325	20.4081
5.49232	20.39
5.54068	20.3715
5.58832	20.3526
5.63522	20.3333
5.68139	20.3135
5.72679	20.2933
5.77143	20.2726
5.8153	20.2515
5.85839	20.2299
5.90067	20.2079
5.94216	20.1854
5.98282	20.1625
6.02266	20.1391
6.06167	20.1152
6.09983	20.0908
6.13713	20.0659
6.17356	20.0405
6.20912	20.0146
6.24378	19.9881
6.27755	19.9612
6.31041	19.9337
6.34235	19.9057
6.37336	19.8772
6.40344	19.8482
6.43256	19.8185
6.46072	19.7884
6.48791	19.7576
6.51412	19.7263
6.53934	19.6945
6.56356	19.662
6.58676	19.629
6.60894	19.5953
6.6301	19.5611
6.65025	19.5263
6.66941	19.4909
6.68762	19.4549
6.7049	19.4183
6.72128	19.3812
6.73677	19.3434
6.75141	19.3051
6.76522	19.2662
6.77822	19.2268
6.79044	19.1867
6.80191	19.1461
6.81266	19.105
6.8227	19.0632
6.83206	19.021
6.84077	18.9781
6.84885	18.9348
6.85634	18.8908
6.86324	18.8463
6.8696	18.8013
6.87543	18.7558
6.88076	18.7096
6.88561	18.663
6.89002	18.6158
6.894	18.5681
6.89759	18.5199
6.9008	18.4712
6.90366	18.4219
6.9062	18.3721
6.90845	18.3218
6.91042	18.271
6.91214	18.2197
6.91365	18.1678
6.91496	18.1155
6.9161	18.0626
6.91709	18.0093
6.91797	17.9555
6.91875	17.9011
6.91946	17.8463
6.92013	17.791
6.92078	17.7352
6.92144	17.6789
6.92213	17.6222
6.92288	17.5649
6.92371	17.5072
6.92466	17.449
6.92573	17.3904
6.92697	17.3313
6.92839	17.2717
6.93002	17.2117
6.93189	17.1512
6.93402	17.0902
6.93643	17.0288
6.93916	16.967
6.94222	16.9047
6.94564	16.8419
6.94946	16.7788
6.95369	16.7151
6.95835	16.6511
6.96348	16.5866
6.9691	16.5217
6.97523	16.4564
6.98191	16.3906
6.98915	16.3244
6.99698	16.2578
7.00542	16.1908
7.01451	16.1233
7.02427	16.0555
7.03472	15.9872
7.04588	15.9186
7.05779	15.8495
7.07046	15.7801
7.08394	15.7102
7.09822	15.64
7.11336	15.5693
7.12936	15.4983
7.14626	15.4269
7.16408	15.3551
7.18285	15.2829
7.20258	15.2104
7.22332	15.1375
7.24507	15.0642
7.26788	14.9905
7.29175	14.9165
7.31673	14.8421
7.34283	14.7673
7.37007	14.6922
7.39849	14.6168
7.42812	14.5409
7.45896	14.4648
7.49106	14.3883
7.52443	14.3114
7.5591	14.2342
7.5951	14.1567
7.63245	14.0788
7.67118	14.0006
7.71131	13.9221
7.75287	13.8432
7.79589	13.764
7.84038	13.6845
7.88637	13.6047
7.93383	13.5246
7.98276	13.4442
8.03311	13.3635
8.08488	13.2825
8.13802	13.2013
8.19253	13.1199
8.24838	13.0382
8.30554	12.9563
8.36398	12.8743
8.4237	12.792
8.48465	12.7096
8.54682	12.627
8.61018	12.5443
8.67471	12.4615
8.74039	12.3786
8.80718	12.2955
8.87508	12.2124
8.94404	12.1292
9.01406	12.0459
9.0851	11.9626
9.15715	11.8793
9.23017	11.7959
9.30414	11.7126
9.37904	11.6292
9.45485	11.5459
9.53155	11.4626
9.60909	11.3794
9.68748	11.2963
9.76667	11.2132
9.84665	11.1302
9.92739	11.0473
10.0089	10.9646
10.0911	10.8819
10.1739	10.7995
10.2575	10.7172
10.3417	10.635
10.4265	10.5531
10.5119	10.4713
10.5979	10.3898
10.6844	10.3085
10.7714	10.2275
10.859	10.1467
10.947	10.0662
11.0355	9.98594
11.1244	9.90601
11.2137	9.82639
11.3033	9.7471
11.3934	9.66815
11.4837	9.58956
11.5744	9.51133
11.6654	9.43349
11.7566	9.35604
11.848	9.27901
11.9397	9.20239
12.0315	9.12622
12.1236	9.05049
12.2157	8.97523
12.308	8.90045
12.4003	8.82616
12.4928	8.75237
12.5852	8.67911
12.6777	8.60638
12.7702	8.53419
12.8627	8.46257
12.9551	8.39152
13.0474	8.32106
13.1396	8.2512
13.2317	8.18196
13.3237	8.11334
13.4155	8.04537
13.5071	7.97806
13.5985	7.91142
13.6896	7.84546
13.7805	7.7802
13.871	7.71566
13.9613	7.65183
14.0512	7.58875
14.1408	7.52642
14.2299	7.46486
14.3187	7.40408
14.407	7.34409
14.4949	7.28491
14.5823	7.22656
14.6691	7.16904
14.7555	7.11237
14.8413	7.05656
14.9265	7.00163
15.0111	6.94759
15.0951	6.89445
15.1784	6.84223
15.2611	6.79094
15.343	6.7406
15.4243	6.69122
15.5048	6.64281
15.5845	6.59539
15.6634	6.54897
15.7415	6.50356
15.8188	6.45918
15.8952	6.41585
15.9707	6.37356
16.0453	6.33231
16.1191	6.29209
16.192	6.25287
16.264	6.21464
16.3352	6.17739
16.4055	6.1411
16.475	6.10574
16.5436	6.07132
16.6114	6.0378
16.6783	6.00518
16.7445	5.97343
16.8098	5.94255
16.8743	5.91251
16.938	5.88329
17.001	5.8549
17.0631	5.82729
17.1244	5.80047
17.185	5.77441
17.2448	5.7491
17.3038	5.72452
17.3621	5.70066
17.4196	5.67749
17.4764	5.65501
17.5325	5.63319
17.5878	5.61202
17.6423	5.59149
17.6962	5.57158
17.7493	5.55227
17.8017	5.53354
17.8535	5.51538
17.9045	5.49778
17.9548	5.48071
18.0045	5.46417
18.0535	5.44813
18.1018	5.43257
18.1494	5.41749
18.1964	5.40287
18.2427	5.38868
18.2884	5.37492
18.3334	5.36156
18.3778	5.3486
18.4216	5.33601
18.4647	5.32378
18.5073	5.31189
18.5492	5.30033
18.5905	5.28908
18.6312	5.27813
18.6714	5.26745
18.7109	5.25703
18.7499	5.24686
18.7883	5.23691
18.8261	5.22718
18.8634	5.21765
18.9001	5.20829
18.9363	5.19911
18.9719	5.19006
19.007	5.18115
19.0416	5.17236
19.0756	5.16367
19.1092	5.15506
19.1422	5.14651
19.1747	5.13802
19.2067	5.12956
19.2382	5.12112
19.2693	5.11268
19.2998	5.10423
19.3299	5.09575
19.3595	5.08722
19.3887	5.07863
19.4174	5.06996
19.4457	5.0612
19.4735	5.05232
19.5009	5.04332
19.5278	5.03417
19.5544	5.02486
19.5805	5.01538
19.6062	5.0057
19.6315	4.99582
19.6564	4.98571
19.6809	4.97536
19.705	4.96476
19.7288	4.95388
19.7521	4.94271
19.7751	4.93124
19.7978	4.91944
19.8201	4.9073
19.842	4.89482
19.8636	4.88196
19.8849	4.86871
19.9058	4.85506
19.9264	4.841
19.9467	4.82649
19.9667	4.81154
19.9863	4.79612
20.0057	4.78021
20.0248	4.7638
20.0436	4.74688
20.0621	4.72943
20.0804	4.71142
20.0983	4.69286
20.1161	4.67373
20.1335	4.65405
20.1507	4.63383
20.1676	4.61306
20.1843	4.59176
20.2007	4.56992
20.2169	4.54756
20.2329	4.52468
20.2486	4.50128
20.264	4.47738
20.2792	4.45297
20.2942	4.42807
20.3089	4.40267
20.3235	4.37679
20.3377	4.35043
20.3518	4.3236
20.3656	4.29629
20.3793	4.26853
20.3927	4.2403
20.4059	4.21162
20.4188	4.1825
20.4316	4.15294
20.4442	4.12294
20.4565	4.09251
20.4687	4.06166
20.4807	4.03039
20.4924	3.9987
20.504	3.96661
20.5154	3.93412
20.5266	3.90124
20.5376	3.86796
20.5484	3.8343
20.5591	3.80027
20.5696	3.76585
20.5799	3.73108
20.59	3.69594
20.5999	3.66044
20.6097	3.62459
20.6194	3.5884
20.6289	3.55187
20.6382	3.51501
20.6473	3.47782
20.6563	3.44031
20.6652	3.40248
20.6739	3.36434
20.6825	3.3259
20.6909	3.28715
20.6992	3.24811
20.7073	3.20879
20.7153	3.16918
20.7232	3.12929
20.731	3.08914
20.7386	3.04872
20.7461	3.00803
20.7535	2.9671
20.7608	2.92591
20.7679	2.88449
20.775	2.84282
20.7819	2.80093
20.7887	2.7588
20.7955	2.71646
20.8021	2.6739
20.8086	2.63114
20.815	2.58817
20.8214	2.545
20.8276	2.50164
20.8337	2.45809
20.8398	2.41437
20.8458	2.37047
20.8517	2.3264
20.8575	2.28216
20.8633	2.23777
20.869	2.19322
20.8746	2.14853
20.8801	2.10369
20.8856	2.05873
20.891	2.01363
20.8964	1.9684
20.9017	1.92306
20.9069	1.8776
20.9121	1.83204
20.9172	1.78638
20.9223	1.74062
20.9274	1.69477
20.9324	1.64883
20.9374	1.60282
20.9424	1.55673
20.9473	1.51057
20.9522	1.46435
20.957	1.41808
20.9619	1.37175
20.9667	1.32538
20.9715	1.27897
20.9762	1.23253
20.981	1.18606
20.9858	1.13956
20.9905	1.09305
20.9953	1.04653
21	1
