1	21
1.14103	20.6257


1.14103	20.6257
1.54059	20.6069


1.54059	20.6069
1.81478	20.3156


1.81478	20.3156
2.19663	20.1965


2.19663	20.1965
2.2083	19.7967


2.2083	19.7967
2.59707	19.7025


2.59707	19.7025
2.99666	19.7206


2.99666	19.7206
3.39654	19.7302


3.39654	19.7302
3.79113	19.7958


3.79113	19.7958
4.18995	19.7652


4.18995	19.7652
4.32756	20.1408


4.32756	20.1408
4.72318	20.0817


4.72318	20.0817
5.10313	20.2068


5.10313	20.2068
5.27398	19.8451


5.27398	19.8451
5.52027	19.5299


5.52027	19.5299
5.72207	19.1845


5.72207	19.1845
5.95647	18.8604


5.95647	18.8604
6.26501	18.6058


6.26501	18.6058
6.66469	18.622


6.66469	18.622
6.89268	18.2933


6.89268	18.2933
7.10407	17.9537


7.10407	17.9537
7.31101	17.6114


7.31101	17.6114
7.17359	17.2358


7.17359	17.2358
6.92551	16.922


6.92551	16.922
7.18228	16.6153


5.10313	20.2068
5.44531	20.4139


7.18228	16.6153
7.08028	16.2285


7.08028	16.2285
6.87178	15.8871


6.87178	15.8871
7.13634	15.5871


7.13634	15.5871
7.28332	15.2151


7.28332	15.2151
7.16644	14.8326


7.16644	14.8326
7.04917	14.4501


7.04917	14.4501
6.9907	14.0544


6.9907	14.0544
7.27305	13.7711


7.27305	13.7711
7.53657	13.4702


7.53657	13.4702
7.35686	13.1128


6.9907	14.0544
6.59862	14.1337


7.35686	13.1128
7.04068	12.8678


7.35686	13.1128
7.63643	12.8267


5.72207	19.1845
5.99557	19.4764


7.04068	12.8678
6.87664	12.503


7.63643	12.8267
7.8689	12.5012


7.8689	12.5012
8.17034	12.2383


6.87664	12.503
6.77622	12.1158


8.17034	12.2383
8.46034	11.9628


8.46034	11.9628
8.72682	11.6645


6.77622	12.1158
6.39238	12.0033


8.72682	11.6645
9.10305	11.5287


8.72682	11.6645
8.46657	11.3607


9.10305	11.5287
9.46682	11.695


6.39238	12.0033
6.00059	12.0839


9.46682	11.695
9.74749	11.41


8.72682	11.6645
9.06864	11.8723


6.00059	12.0839
5.87848	11.703


5.87848	11.703
5.49128	11.8034


9.74749	11.41
10.0958	11.2134


10.0958	11.2134
10.444	11.4103


5.87848	11.703
5.77338	11.317


10.444	11.4103
10.7661	11.1732


10.7661	11.1732
10.8354	10.7792


10.8354	10.7792
11.1945	10.6031


5.49128	11.8034
5.09158	11.8187


11.1945	10.6031
11.5766	10.7213


5.09158	11.8187
4.73195	11.9938


5.77338	11.317
5.69343	10.9251


5.69343	10.9251
6.00816	10.6782


11.5766	10.7213
11.7808	10.3773


11.7808	10.3773
12.0444	10.0765


12.0444	10.0765
12.0842	9.6785


12.0842	9.6785
12.2082	9.29821


12.2082	9.29821
12.512	9.03795


12.512	9.03795
12.8424	8.81256


12.8424	8.81256
13.1854	8.60674


6.26501	18.6058
6.5637	18.8719


7.10407	17.9537
6.70487	17.9789


5.69343	10.9251
5.44255	10.6136


5.44255	10.6136
5.25328	10.2612


6.00816	10.6782
6.39338	10.786


11.5766	10.7213
11.8912	10.9683


3.39654	19.7302
3.41511	20.1298


11.8912	10.9683
12.0729	11.3246


4.73195	11.9938
4.41235	11.7533


13.1854	8.60674
13.4639	8.31956


12.0729	11.3246
12.3971	11.5589


13.4639	8.31956
13.5929	7.94095


5.44531	20.4139
5.72641	20.6985


13.5929	7.94095
13.5669	7.5418


13.5669	7.5418
13.8473	7.2566


4.41235	11.7533
4.09478	11.5101


5.25328	10.2612
5.23597	9.86155


12.3971	11.5589
12.6686	11.8527


13.8473	7.2566
14.1278	6.97139


5.09158	11.8187
5.09197	11.4187


12.6686	11.8527
13.0534	11.962


4.73195	11.9938
4.71443	12.3934


6.39338	10.786
6.557	10.421


14.1278	6.97139
14.3149	6.61787


1	21
0.603786	21.0549


13.0534	11.962
13.3285	12.2524


14.3149	6.61787
14.5994	6.33672


4.71443	12.3934
4.90939	12.7427


6.557	10.421
6.49014	10.0266


5.72641	20.6985
5.96177	21.0219


6.49014	10.0266
6.39145	9.63896


14.5994	6.33672
14.884	6.05556


6.39145	9.63896
6.23313	9.27163


5.44255	10.6136
5.77916	10.8297


14.884	6.05556
15.1685	5.77441


15.1685	5.77441
14.9362	5.44875


14.9362	5.44875
15.0169	5.05698


4.09478	11.5101
3.69613	11.4773


15.0169	5.05698
15.3271	4.80443


13.3285	12.2524
13.4313	12.639


3.69613	11.4773
3.31523	11.5994


15.3271	4.80443
15.6373	4.55189


13.4313	12.639
13.514	13.0303


3.31523	11.5994
2.91534	11.5903


15.6373	4.55189
15.9475	4.29934


1.14103	20.6257
0.866173	20.3351


15.9475	4.29934
15.722	3.96896


13.1854	8.60674
13.5057	8.84643


13.514	13.0303
13.6818	13.3934


15.0169	5.05698
14.6885	4.82867


15.9475	4.29934
16.3409	4.22716


15.722	3.96896
15.4056	3.72426


13.6818	13.3934
14.0478	13.5547


14.0478	13.5547
14.3362	13.8319


14.3362	13.8319
14.6557	14.0726


5.23597	9.86155
4.93882	9.59378


14.6557	14.0726
14.9035	14.3865


13.5057	8.84643
13.8658	9.02043


14.9035	14.3865
15.1726	14.6825


13.4313	12.639
13.6294	12.2915


14.6885	4.82867
14.2892	4.80413


10.7661	11.1732
11.0986	11.3955


6.23313	9.27163
6.15863	8.87862


5.96177	21.0219
6.26896	21.2781


16.3409	4.22716
16.6409	3.96258


15.1726	14.6825
15.5676	14.7454


16.6409	3.96258
16.8383	3.61468


8.46657	11.3607
8.5166	10.9639


15.5676	14.7454
15.957	14.8368


8.5166	10.9639
8.28449	10.6381


15.957	14.8368
16.2624	15.0952


16.8383	3.61468
17.1466	3.35976


6.15863	8.87862
6.12669	8.4799


16.2624	15.0952
16.4858	15.427


16.4858	15.427
16.7851	15.6924


4.90939	12.7427
4.51013	12.7671


16.7851	15.6924
16.9996	16.03


17.1466	3.35976
17.4548	3.10484


14.9362	5.44875
14.556	5.57307


17.4548	3.10484
17.2268	2.7762


16.9996	16.03
16.6815	16.2726


16.6815	16.2726
16.312	16.1194


4.93882	9.59378
4.69691	9.27522


17.2268	2.7762
17.5636	2.56046


10.444	11.4103
10.4967	11.8068


8.5166	10.9639
8.11862	10.9237


6.12669	8.4799
6.05098	8.08713


6.05098	8.08713
5.74819	7.82576


17.4548	3.10484
17.8548	3.1081


5.74819	7.82576
5.66813	7.43385


11.1945	10.6031
10.9832	10.2634


17.5636	2.56046
17.9005	2.34472


13.5057	8.84643
13.1896	9.09164


16.6815	16.2726
16.6215	16.668


16.6215	16.668
16.8763	16.9764


16.9996	16.03
17.3928	16.1036


4.72318	20.0817
4.91021	20.4353


14.1278	6.97139
14.5083	7.09463


2.91534	11.5903
3.26022	11.793


15.1685	5.77441
15.5685	5.77216


12.8424	8.81256
12.5958	9.12746


0.603786	21.0549
0.21292	21.1399


17.3928	16.1036
17.7763	16.2172


5.66813	7.43385
5.3742	7.16256


5.3742	7.16256
5.35637	6.76295


13.8658	9.02043
14.1342	9.31702


14.1342	9.31702
14.5196	9.42433


16.8383	3.61468
16.5867	3.30377


16.3409	4.22716
16.4405	4.61459


14.3149	6.61787
14.1121	6.27314


16.8763	16.9764
16.972	17.3648


17.9005	2.34472
18.2373	2.12898


0.866173	20.3351
0.534551	20.1114


4.91021	20.4353
5.04989	20.8101


17.7763	16.2172
17.8805	15.831


0.21292	21.1399
-0.137792	21.3323


17.8805	15.831
18.2804	15.8225


6.05098	8.08713
6.16498	7.70372


16.972	17.3648
17.0827	17.7492


4.69691	9.27522
4.32493	9.12815


5.35637	6.76295
5.04873	6.50731


4.32493	9.12815
3.95081	8.98661


17.8548	3.1081
18.2332	3.23794


18.2804	15.8225
18.6737	15.8955


5.04873	6.50731
4.75162	6.23949


8.28449	10.6381
8.41195	10.259


18.2373	2.12898
18.5688	1.90515


18.6737	15.8955
18.9596	15.6157


3.95081	8.98661
3.73333	8.6509


18.5688	1.90515
18.9069	1.69134


4.75162	6.23949
4.54156	5.89909


4.54156	5.89909
4.37846	5.53385


17.9005	2.34472
17.6898	2.00469


18.9069	1.69134
19.2449	1.47754


3.73333	8.6509
3.49902	8.32671


15.5685	5.77216
15.8407	5.47913


17.0827	17.7492
16.7553	17.9789


16.6815	16.2726
17.028	16.4725


4.51013	12.7671
4.35106	13.1341


6.00816	10.6782
5.81016	10.3307


6.39238	12.0033
6.49545	12.3898


6.12669	8.4799
6.51911	8.55744


18.9596	15.6157
19.3488	15.7077


4.37846	5.53385
4.1544	5.20249


5.25328	10.2612
5.36642	9.87751


19.2449	1.47754
19.5945	1.67202


14.5083	7.09463
14.9041	7.15242


19.5945	1.67202
19.8011	1.32954


19.8011	1.32954
20	1


