2	21	20
2.01639	20.8454	19.8742


2.01639	20.8454	19.8742
2.11896	20.7202	19.7567


2.11896	20.7202	19.7567
2.22154	20.595	19.6392


2.22154	20.595	19.6392
2.38921	20.6029	19.5304


2.38921	20.6029	19.5304
2.53374	20.474	19.4805


2.53374	20.474	19.4805
2.7327	20.4544	19.4859


2.7327	20.4544	19.4859
2.83249	20.2943	19.4195


2.83249	20.2943	19.4195
2.95214	20.1922	19.2959


2.95214	20.1922	19.2959
3.14618	20.1469	19.2788


3.14618	20.1469	19.2788
3.28132	20.0653	19.156


3.28132	20.0653	19.156
3.40581	19.9128	19.1205


3.40581	19.9128	19.1205
3.42943	19.7143	19.114


3.42943	19.7143	19.114
3.55871	19.5836	19.0352


3.55871	19.5836	19.0352
3.53805	19.3984	18.9627


3.53805	19.3984	18.9627
3.69927	19.4189	18.8462


3.69927	19.4189	18.8462
3.78828	19.2896	18.7222


3.78828	19.2896	18.7222
3.88678	19.1641	18.6017


3.88678	19.1641	18.6017
4.0049	19.0397	18.4989


4.0049	19.0397	18.4989
4.0262	19.0684	18.3021


4.0262	19.0684	18.3021
4.15985	19.0913	18.1551


4.15985	19.0913	18.1551
4.35057	19.0671	18.2102


4.35057	19.0671	18.2102
4.46858	19.0659	18.0488


4.46858	19.0659	18.0488
4.64368	19.0767	17.9527


4.64368	19.0767	17.9527
4.84203	19.0995	17.941


4.84203	19.0995	17.941
4.98955	19.2308	17.9727


4.15985	19.0913	18.1551
4.05654	19.1546	17.9959


4.05654	19.1546	17.9959
4.00747	19.0051	17.8725


4.98955	19.2308	17.9727
5.09379	19.3456	18.099


4.98955	19.2308	17.9727
5.0723	19.268	17.7945


5.0723	19.268	17.7945
5.20849	19.2067	17.6615


5.20849	19.2067	17.6615
5.21265	19.2053	17.4615


5.09379	19.3456	18.099
5.11422	19.5354	18.1586


5.21265	19.2053	17.4615
5.33147	19.0805	17.36


5.33147	19.0805	17.36
5.39211	18.9458	17.2252


5.39211	18.9458	17.2252
5.45293	18.8167	17.085


5.45293	18.8167	17.085
5.53744	18.6371	17.1089


5.45293	18.8167	17.085
5.4519	18.8251	16.8852


5.53744	18.6371	17.1089
5.45409	18.4835	17.0116


5.53744	18.6371	17.1089
5.73433	18.6233	17.0766


5.73433	18.6233	17.0766
5.88002	18.6076	16.9404


5.88002	18.6076	16.9404
6.07833	18.6332	16.9446


6.07833	18.6332	16.9446
6.19235	18.4906	16.8628


6.19235	18.4906	16.8628
6.33084	18.3782	16.7723


6.33084	18.3782	16.7723
6.41512	18.2456	16.6487


5.09379	19.3456	18.099
5.23586	19.2847	18.226


6.41512	18.2456	16.6487
6.58791	18.145	16.644


6.58791	18.145	16.644
6.70392	17.9857	16.6096


6.70392	17.9857	16.6096
6.64941	17.918	16.4295


6.64941	17.918	16.4295
6.7461	17.7812	16.3202


6.7461	17.7812	16.3202
6.72437	17.6205	16.2031


6.72437	17.6205	16.2031
6.85207	17.4667	16.1972


6.85207	17.4667	16.1972
6.99904	17.4777	16.062


6.99904	17.4777	16.062
7.08556	17.3428	15.9423


7.08556	17.3428	15.9423
7.12259	17.2094	15.7981


7.12259	17.2094	15.7981
7.06477	17.0191	15.7763


7.06477	17.0191	15.7763
7.09745	17.0241	15.5791


7.09745	17.0241	15.5791
7.18595	16.8894	15.4606


7.09745	17.0241	15.5791
7.00098	17.0983	15.4204


7.18595	16.8894	15.4606
7.13896	16.7746	15.3038


7.13896	16.7746	15.3038
7.28638	16.6972	15.193


7.28638	16.6972	15.193
7.35783	16.546	15.0832


7.35783	16.546	15.0832
7.33092	16.3668	14.9986


7.33092	16.3668	14.9986
7.39469	16.1805	15.0337


7.39469	16.1805	15.0337
7.47736	16.0354	14.9237


7.47736	16.0354	14.9237
7.39405	15.8536	14.9283


7.39405	15.8536	14.9283
7.32566	15.6796	14.8572


6.99904	17.4777	16.062
7.10143	17.6338	15.9901


7.35783	16.546	15.0832
7.45956	16.636	14.9364


7.32566	15.6796	14.8572
7.429	15.588	14.7126


7.429	15.588	14.7126
7.37762	15.3986	14.7511


7.45956	16.636	14.9364
7.63653	16.7022	14.8709


7.37762	15.3986	14.7511
7.51904	15.259	14.7741


7.63653	16.7022	14.8709
7.78074	16.7579	14.744


6.85207	17.4667	16.1972
6.9724	17.3892	16.3368


7.51904	15.259	14.7741
7.6412	15.1152	14.708


7.78074	16.7579	14.744
7.97961	16.7404	14.7319


7.37762	15.3986	14.7511
7.20657	15.305	14.7957


7.6412	15.1152	14.708
7.70166	14.9674	14.5875


7.70166	14.9674	14.5875
7.79501	14.8399	14.4649


7.79501	14.8399	14.4649
7.88835	14.7124	14.3423


7.97961	16.7404	14.7319
8.06495	16.7891	14.5577


8.06495	16.7891	14.5577
8.18079	16.8509	14.4068


7.88835	14.7124	14.3423
8.03709	14.6023	14.2665


8.03709	14.6023	14.2665
8.12961	14.4747	14.1433


8.12961	14.4747	14.1433
8.22213	14.3471	14.0202


8.22213	14.3471	14.0202
8.31465	14.2195	13.8971


7.20657	15.305	14.7957
7.06596	15.2376	14.6705


7.06596	15.2376	14.6705
6.92566	15.1304	14.7645


8.31465	14.2195	13.8971
8.1693	14.084	13.8742


8.18079	16.8509	14.4068
8.19391	16.9028	14.2141


8.1693	14.084	13.8742
8.25561	13.9297	13.9677


8.25561	13.9297	13.9677
8.34967	13.8052	13.8426


8.19391	16.9028	14.2141
8.38156	16.9397	14.1556


8.34967	13.8052	13.8426
8.47408	13.6679	13.9179


8.34967	13.8052	13.8426
8.25816	13.7416	13.6765


8.25816	13.7416	13.6765
8.15443	13.6936	13.5124


8.47408	13.6679	13.9179
8.66842	13.647	13.8755


6.92566	15.1304	14.7645
6.84826	14.9654	14.8468


8.38156	16.9397	14.1556
8.54835	17.0157	14.2357


8.66842	13.647	13.8755
8.84155	13.5513	13.905


8.15443	13.6936	13.5124
8.16143	13.7328	13.3165


6.84826	14.9654	14.8468
6.68119	14.9015	14.7574


8.84155	13.5513	13.905
9.02804	13.5231	13.9716


8.54835	17.0157	14.2357
8.72819	17.0839	14.2905


6.68119	14.9015	14.7574
6.55841	14.7451	14.736


8.16143	13.7328	13.3165
8.01216	13.6359	13.2252


2.22154	20.595	19.6392
2.06415	20.4745	19.6128


6.55841	14.7451	14.736
6.46319	14.6481	14.8827


9.02804	13.5231	13.9716
9.1742	13.483	14.1021


9.1742	13.483	14.1021
9.259	13.3595	13.9696


6.9724	17.3892	16.3368
7.07719	17.3726	16.5064


9.259	13.3595	13.9696
9.37827	13.2063	14.0174


6.46319	14.6481	14.8827
6.40813	14.4892	14.991


8.38156	16.9397	14.1556
8.31966	16.9891	13.972


9.37827	13.2063	14.0174
9.2918	13.0266	14.0323


8.01216	13.6359	13.2252
7.8939	13.4813	13.1793


9.2918	13.0266	14.0323
9.37723	12.9064	13.8971


8.31966	16.9891	13.972
8.20269	17.1321	13.8955


8.72819	17.0839	14.2905
8.92352	17.1251	14.3028


6.40813	14.4892	14.991
6.35262	14.3208	15.0835


9.37723	12.9064	13.8971
9.46265	12.7863	13.762


7.8939	13.4813	13.1793
7.84569	13.291	13.141


8.01216	13.6359	13.2252
7.99054	13.7135	13.0421


9.46265	12.7863	13.762
9.66139	12.764	13.7595


8.92352	17.1251	14.3028
9.11254	17.1879	14.321


9.66139	12.764	13.7595
9.82431	12.6484	13.7688


7.84569	13.291	13.141
7.72165	13.1371	13.1717


8.20269	17.1321	13.8955
8.1643	17.2653	13.7513


9.11254	17.1879	14.321
9.30881	17.2152	14.2939


8.1643	17.2653	13.7513
8.05917	17.3688	13.6163


9.30881	17.2152	14.2939
9.49304	17.2441	14.3662


9.49304	17.2441	14.3662
9.65032	17.262	14.4884


9.82431	12.6484	13.7688
9.94821	12.4945	13.7995


8.05917	17.3688	13.6163
7.97942	17.415	13.4388


6.35262	14.3208	15.0835
6.21168	14.1896	15.1375


7.97942	17.415	13.4388
7.97907	17.4551	13.2428


9.65032	17.262	14.4884
9.84243	17.2611	14.4328


6.21168	14.1896	15.1375
6.07074	14.0746	15.2207


7.72165	13.1371	13.1717
7.55936	13.0709	13.0754


7.55936	13.0709	13.0754
7.49231	13.0702	12.887


7.97907	17.4551	13.2428
7.80573	17.5172	13.1647


6.07074	14.0746	15.2207
5.95363	14.0026	15.3659


9.84243	17.2611	14.4328
10.0365	17.2958	14.4665


7.80573	17.5172	13.1647
7.8554	17.6302	13.0074


5.95363	14.0026	15.3659
5.97937	14.0061	15.5642


7.49231	13.0702	12.887
7.4019	13.0099	12.7191


7.4019	13.0099	12.7191
7.3055	12.835	12.7072


2.38921	20.6029	19.5304
2.33217	20.6685	19.3503


9.94821	12.4945	13.7995
9.88263	12.3143	13.8565


9.88263	12.3143	13.8565
9.96402	12.198	13.7156


10.0365	17.2958	14.4665
10.1525	17.3582	14.316


10.1525	17.3582	14.316
10.3161	17.4636	14.3619


7.3055	12.835	12.7072
7.11047	12.7914	12.6997


7.11047	12.7914	12.6997
7.04055	12.7501	12.5169


10.3161	17.4636	14.3619
10.4777	17.48	14.2451


10.4777	17.48	14.2451
10.5781	17.4739	14.0723


5.97937	14.0061	15.5642
5.91458	13.8958	15.718


5.95363	14.0026	15.3659
5.79382	13.9181	15.2804


7.04055	12.7501	12.5169
6.87236	12.6763	12.4378


6.87236	12.6763	12.4378
6.77168	12.5036	12.4421


6.77168	12.5036	12.4421
6.6287	12.4936	12.3026


10.5781	17.4739	14.0723
10.7028	17.4717	13.9159


6.6287	12.4936	12.3026
6.53983	12.4485	12.1292


5.91458	13.8958	15.718
5.7355	13.8485	15.7935


5.23586	19.2847	18.226
5.36929	19.2282	18.3638


7.8554	17.6302	13.0074
7.83012	17.7134	12.8273


10.7028	17.4717	13.9159
10.8093	17.5257	13.7554


7.55936	13.0709	13.0754
7.47745	12.9851	13.2364


5.7355	13.8485	15.7935
5.66845	13.6657	15.8388


5.66845	13.6657	15.8388
5.65264	13.4687	15.8695


10.8093	17.5257	13.7554
10.9984	17.5381	13.8192


5.65264	13.4687	15.8695
5.7296	13.3573	16.0167


7.83012	17.7134	12.8273
7.87056	17.6943	12.6324


5.11422	19.5354	18.1586
5.16115	19.6952	18.2693


10.9984	17.5381	13.8192
11.1571	17.5073	13.7013


5.7296	13.3573	16.0167
5.72067	13.1756	16.0998


11.1571	17.5073	13.7013
11.3299	17.5807	13.6326


6.77168	12.5036	12.4421
6.74498	12.3127	12.4954


6.53983	12.4485	12.1292
6.38505	12.3347	12.1847


7.87056	17.6943	12.6324
7.81669	17.7298	12.4431


11.3299	17.5807	13.6326
11.4224	17.6021	13.4565


6.74498	12.3127	12.4954
6.65798	12.1781	12.6151


5.72067	13.1756	16.0998
5.58299	13.0376	16.0549


11.4224	17.6021	13.4565
11.3847	17.7726	13.3591


7.81669	17.7298	12.4431
7.88917	17.787	12.2656


7.88917	17.787	12.2656
7.94621	17.8196	12.0767


7.94621	17.8196	12.0767
7.84522	17.8582	11.9085


6.38505	12.3347	12.1847
6.18591	12.3469	12.1986


6.65798	12.1781	12.6151
6.64023	11.9848	12.6632


9.96402	12.198	13.7156
9.87	12.0392	13.6385


5.58299	13.0376	16.0549
5.5022	12.9077	16.1837


7.07719	17.3726	16.5064
6.93564	17.2467	16.5705


11.3847	17.7726	13.3591
11.4793	17.9437	13.4014


6.18591	12.3469	12.1986
6.15518	12.1989	12.0676


11.4793	17.9437	13.4014
11.548	17.9564	13.214


9.87	12.0392	13.6385
9.97991	11.941	13.5033


11.4793	17.9437	13.4014
11.6371	18.0053	13.5076


9.97991	11.941	13.5033
10.0342	11.8037	13.3684


10.0342	11.8037	13.3684
10.197	11.6964	13.4134


5.5022	12.9077	16.1837
5.57322	12.8069	16.3411


6.64023	11.9848	12.6632
6.70217	11.818	12.7546


10.197	11.6964	13.4134
10.2785	11.5827	13.2705


7.84522	17.8582	11.9085
7.82073	17.9535	11.7343


7.82073	17.9535	11.7343
7.65484	18.0628	11.7111


10.2785	11.5827	13.2705
10.4554	11.5852	13.1772


10.4554	11.5852	13.1772
10.5465	11.4789	13.0343


10.3161	17.4636	14.3619
10.4224	17.4737	14.531


5.57322	12.8069	16.3411
5.46531	12.6394	16.359


10.5465	11.4789	13.0343
10.7197	11.3814	13.0562


10.7197	11.3814	13.0562
10.7578	11.1864	13.0791


6.70217	11.818	12.7546
6.7649	11.6283	12.7458


10.7578	11.1864	13.0791
10.8348	11.0019	13.0747


6.7649	11.6283	12.7458
6.65478	11.4615	12.751


10.8348	11.0019	13.0747
10.973	10.9045	13.1817


10.973	10.9045	13.1817
11.0471	10.7958	13.031


11.6371	18.0053	13.5076
11.7514	18.1681	13.5286


11.7514	18.1681	13.5286
11.9271	18.0919	13.5864


11.0471	10.7958	13.031
11.1212	10.6871	12.8804


11.1212	10.6871	12.8804
11.3112	10.695	12.9426


11.3112	10.695	12.9426
11.3818	10.586	12.7905


6.65478	11.4615	12.751
6.66554	11.3276	12.6028


11.3818	10.586	12.7905
11.4524	10.4769	12.6384


11.4524	10.4769	12.6384
11.5472	10.3823	12.4899


7.65484	18.0628	11.7111
7.47935	18.1188	11.6332


11.548	17.9564	13.214
11.5606	18.0411	13.0332


11.5472	10.3823	12.4899
11.7037	10.3273	12.3782


6.65478	11.4615	12.751
6.49703	11.4836	12.872


11.9271	18.0919	13.5864
11.952	18.2328	13.7262


11.7037	10.3273	12.3782
11.8289	10.2113	12.4824


5.4519	18.8251	16.8852
5.31689	18.8562	16.741


11.8289	10.2113	12.4824
11.9998	10.2415	12.3831


6.66554	11.3276	12.6028
6.55075	11.1791	12.5337


11.952	18.2328	13.7262
12.1212	18.2994	13.6429


11.5606	18.0411	13.0332
11.6404	18.0445	12.8498


6.55075	11.1791	12.5337
6.46198	11.0168	12.4578


10.197	11.6964	13.4134
10.0988	11.5424	13.4949


11.9998	10.2415	12.3831
12.1451	10.1797	12.5059


7.80573	17.5172	13.1647
7.63203	17.427	13.1235


6.46198	11.0168	12.4578
6.46616	10.8686	12.3236


6.46616	10.8686	12.3236
6.33654	10.8014	12.1869


7.47935	18.1188	11.6332
7.41741	18.1106	11.4432


7.41741	18.1106	11.4432
7.4494	18.0782	11.2484


7.4494	18.0782	11.2484
7.47717	18.212	11.1025


6.33654	10.8014	12.1869
6.23267	10.7389	12.0278


12.1451	10.1797	12.5059
12.2472	10.1928	12.6774


5.46531	12.6394	16.359
5.464	12.4542	16.4344


6.87236	12.6763	12.4378
6.72827	12.815	12.4431


11.952	18.2328	13.7262
11.9244	18.3714	13.8677


11.9998	10.2415	12.3831
12.0627	10.1316	12.2283


12.0627	10.1316	12.2283
12.108	10.0142	12.0728


12.108	10.0142	12.0728
12.1713	9.90452	11.918


12.1713	9.90452	11.918
12.2451	9.94028	11.7356


11.9244	18.3714	13.8677
12.0447	18.3415	14.0247


12.2451	9.94028	11.7356
12.3849	9.93591	11.5926


12.1212	18.2994	13.6429
12.3101	18.3647	13.649


12.3849	9.93591	11.5926
12.5565	9.83452	11.6087


12.2472	10.1928	12.6774
12.3927	10.1506	12.8079


6.23267	10.7389	12.0278
6.06362	10.6368	11.9963


11.6404	18.0445	12.8498
11.7164	18.1196	12.6808


11.7164	18.1196	12.6808
11.854	18.1285	12.5359


5.464	12.4542	16.4344
5.405	12.2936	16.5379


5.405	12.2936	16.5379
5.39718	12.1117	16.6207


5.57322	12.8069	16.3411
5.74231	12.8144	16.4477


12.5565	9.83452	11.6087
12.7394	9.79957	11.5357


12.3927	10.1506	12.8079
12.521	10.0625	12.9336


12.521	10.0625	12.9336
12.6049	9.89278	12.9981


5.36929	19.2282	18.3638
5.39871	19.2273	18.5616


12.6049	9.89278	12.9981
12.6837	9.71405	13.041


5.74231	12.8144	16.4477
5.76881	12.8756	16.6362


12.0447	18.3415	14.0247
12.202	18.3862	14.1397


6.06362	10.6368	11.9963
6.07437	10.5123	11.8401


12.6837	9.71405	13.041
12.8459	9.68197	13.1535


6.07437	10.5123	11.8401
5.98373	10.3561	11.7542


11.854	18.1285	12.5359
11.8574	18.2556	12.3815


12.8459	9.68197	13.1535
12.9697	9.56062	13.2533


7.47717	18.212	11.1025
7.3822	18.2846	10.9421


12.9697	9.56062	13.2533
12.9793	9.58701	13.4513


7.3822	18.2846	10.9421
7.44801	18.2719	10.7537


12.9793	9.58701	13.4513
13.1575	9.63433	13.5289


12.7394	9.79957	11.5357
12.7931	9.68554	11.3804


7.44801	18.2719	10.7537
7.35262	18.3153	10.5833


12.7931	9.68554	11.3804
12.8128	9.50785	11.2907


6.35262	14.3208	15.0835
6.53414	14.2477	15.0422


5.98373	10.3561	11.7542
5.99544	10.2486	11.586


13.1575	9.63433	13.5289
13.2604	9.56675	13.6865


6.72437	17.6205	16.2031
6.55302	17.5175	16.1982


5.39718	12.1117	16.6207
5.31463	11.9296	16.6264


13.2604	9.56675	13.6865
13.2416	9.44403	13.8433


6.15518	12.1989	12.0676
5.95557	12.2001	12.055


12.202	18.3862	14.1397
12.3498	18.5161	14.1754


5.31689	18.8562	16.741
5.37582	19.0272	16.6556


11.8574	18.2556	12.3815
11.9291	18.2641	12.195


12.8128	9.50785	11.2907
12.8468	9.35004	11.1726


12.3498	18.5161	14.1754
12.4626	18.5815	14.3271


12.8468	9.35004	11.1726
12.8327	9.2893	10.9826


5.99544	10.2486	11.586
5.87148	10.093	11.6071


12.4626	18.5815	14.3271
12.6575	18.5622	14.2866


12.8327	9.2893	10.9826
12.9989	9.22637	10.8909


7.35262	18.3153	10.5833
7.24812	18.4058	10.4388


12.9989	9.22637	10.8909
13.0557	9.03659	10.9185


13.2416	9.44403	13.8433
13.3203	9.29799	13.955


13.0557	9.03659	10.9185
13.2067	8.91871	10.8611


12.6575	18.5622	14.2866
12.8018	18.6033	14.4188


13.2067	8.91871	10.8611
13.344	8.84474	10.7358


13.344	8.84474	10.7358
13.3906	8.73646	10.5743


12.8018	18.6033	14.4188
12.9423	18.6612	14.5489


13.3906	8.73646	10.5743
13.2889	8.56874	10.5353


7.24812	18.4058	10.4388
7.19182	18.4934	10.268


13.2889	8.56874	10.5353
13.3392	8.46385	10.3726


13.3392	8.46385	10.3726
13.4802	8.4124	10.2404


5.31463	11.9296	16.6264
5.25772	11.8185	16.7827


5.25772	11.8185	16.7827
5.05865	11.8189	16.802


13.4802	8.4124	10.2404
13.5274	8.30635	10.0776


13.5274	8.30635	10.0776
13.5683	8.37755	9.89519


13.5683	8.37755	9.89519
13.7336	8.44982	9.80872


13.7336	8.44982	9.80872
13.7754	8.33582	9.64981


13.7754	8.33582	9.64981
13.7706	8.19305	9.50983


5.87148	10.093	11.6071
5.73011	10.1439	11.475


12.1713	9.90452	11.918
12.0337	9.76004	11.932


5.73011	10.1439	11.475
5.54493	10.2176	11.4918


5.05865	11.8189	16.802
4.89116	11.8638	16.9016


4.89116	11.8638	16.9016
4.85469	11.693	16.9989


7.19182	18.4934	10.268
7.1497	18.4231	10.0856


5.54493	10.2176	11.4918
5.44297	10.0665	11.5742


13.7706	8.19305	9.50983
13.9144	8.14891	9.37797


13.3203	9.29799	13.955
13.4321	9.22153	14.1022


12.9423	18.6612	14.5489
13.1043	18.7154	14.4449


5.54493	10.2176	11.4918
5.50417	10.1624	11.3039


4.85469	11.693	16.9989
4.70845	11.6726	17.1339


5.50417	10.1624	11.3039
5.44219	10.0314	11.1661


5.16115	19.6952	18.2693
5.18638	19.8504	18.1457


13.4321	9.22153	14.1022
13.6038	9.11962	14.1136


2.33217	20.6685	19.3503
2.21791	20.6818	19.1867


13.1043	18.7154	14.4449
13.2698	18.6531	14.3514


7.83012	17.7134	12.8273
7.92413	17.8836	12.8742


13.9144	8.14891	9.37797
14.0688	8.04644	9.45321


12.9423	18.6612	14.5489
13.0109	18.7168	14.7284


8.05917	17.3688	13.6163
8.06577	17.532	13.7318


6.93564	17.2467	16.5705
7.05078	17.1884	16.7233


13.2698	18.6531	14.3514
13.4617	18.6502	14.4077


4.70845	11.6726	17.1339
4.5478	11.6475	17.0174


10.0988	11.5424	13.4949
10.0613	11.39	13.6188


14.0688	8.04644	9.45321
14.1568	7.9236	9.3222


4.5478	11.6475	17.0174
4.48245	11.4714	17.0861


11.9291	18.2641	12.195
12.0368	18.2717	12.0266


13.9144	8.14891	9.37797
13.8578	8.25289	9.21677


4.48245	11.4714	17.0861
4.34381	11.3273	17.0912


5.39871	19.2273	18.5616
5.56377	19.3066	18.642


13.6038	9.11962	14.1136
13.6287	8.93158	14.177


13.6038	9.11962	14.1136
13.8022	9.14155	14.1008


4.34381	11.3273	17.0912
4.25856	11.15	17.1272


14.1568	7.9236	9.3222
14.1887	7.81298	9.15866


7.1497	18.4231	10.0856
7.14246	18.4546	9.88819


14.1887	7.81298	9.15866
14.2663	7.82416	8.97469


12.0368	18.2717	12.0266
12.1898	18.2913	11.8993


14.2663	7.82416	8.97469
14.4057	7.7516	8.85089


14.4057	7.7516	8.85089
14.4921	7.81219	8.68103


12.1898	18.2913	11.8993
12.3157	18.2683	11.7456


13.4617	18.6502	14.4077
13.5781	18.6818	14.5673


14.4921	7.81219	8.68103
14.5139	7.6915	8.52305


14.5139	7.6915	8.52305
14.5357	7.57081	8.36507


5.44219	10.0314	11.1661
5.32945	10.1369	11.0389


5.76881	12.8756	16.6362
5.89016	12.8272	16.7876


13.0109	18.7168	14.7284
13.0509	18.8025	14.9046


13.6287	8.93158	14.177
13.7404	8.81462	14.2947


13.5781	18.6818	14.5673
13.7698	18.6296	14.5445


14.5357	7.57081	8.36507
14.5575	7.45011	8.20709


13.7404	8.81462	14.2947
13.7774	8.74512	14.4785


14.5575	7.45011	8.20709
14.6302	7.54075	8.04428


14.6302	7.54075	8.04428
14.6488	7.41315	7.89139


7.14246	18.4546	9.88819
7.17201	18.2628	9.84013


14.6488	7.41315	7.89139
14.6066	7.35482	7.7048


13.2889	8.56874	10.5353
13.3542	8.44201	10.6755


5.32945	10.1369	11.0389
5.23415	10.202	10.8756


14.6066	7.35482	7.7048
14.7271	7.44014	7.56997


13.7774	8.74512	14.4785
13.7985	8.56883	14.5706


14.7271	7.44014	7.56997
14.7425	7.30284	7.42536


13.0509	18.8025	14.9046
13.1323	18.8907	15.0646


13.3203	9.29799	13.955
13.1557	9.27583	14.0664


14.7425	7.30284	7.42536
14.8464	7.13837	7.47188


12.3157	18.2683	11.7456
12.4931	18.3251	11.6726


13.7336	8.44982	9.80872
13.7922	8.6324	9.75184


12.4931	18.3251	11.6726
12.6819	18.3415	11.6088


14.8464	7.13837	7.47188
14.8558	7.00767	7.32079


13.7985	8.56883	14.5706
13.9506	8.48734	14.6718


9.88263	12.3143	13.8565
9.94217	12.2984	14.0468


14.8558	7.00767	7.32079
14.8651	6.87696	7.1697


9.94217	12.2984	14.0468
9.94397	12.2365	14.2369


14.8651	6.87696	7.1697
15.0044	6.86262	7.02686


5.23415	10.202	10.8756
5.16575	10.2788	10.7041


12.6819	18.3415	11.6088
12.7581	18.343	11.4239


14.4057	7.7516	8.85089
14.5553	7.66919	8.95487


15.0044	6.86262	7.02686
15.0569	6.73539	6.88175


7.14246	18.4546	9.88819
6.99683	18.5146	9.76493


5.464	12.4542	16.4344
5.45339	12.3881	16.2459


5.44297	10.0665	11.5742
5.29549	10.1539	11.6772


13.9506	8.48734	14.6718
14.0463	8.44479	14.8422


4.25856	11.15	17.1272
4.2197	10.9541	17.1174


14.8651	6.87696	7.1697
14.7037	6.88848	7.05225


14.7037	6.88848	7.05225
14.5495	6.92053	6.92889


5.23415	10.202	10.8756
5.14035	10.0279	10.8457


15.0569	6.73539	6.88175
15.0524	6.59983	6.73476


13.8022	9.14155	14.1008
13.9758	9.2402	14.1124


4.2197	10.9541	17.1174
4.16772	10.7643	17.153


12.7931	9.68554	11.3804
12.855	9.85072	11.2862


14.5495	6.92053	6.92889
14.4009	6.78702	6.93739


13.7698	18.6296	14.5445
13.9433	18.7035	14.4781


5.89016	12.8272	16.7876
5.97527	12.8276	16.9686


14.7271	7.44014	7.56997
14.7929	7.62401	7.52679


6.58791	18.145	16.644
6.70382	18.2992	16.5912


6.99683	18.5146	9.76493
6.82258	18.598	9.71314


12.7581	18.343	11.4239
12.7581	18.4134	11.2367


10.0988	11.5424	13.4949
10.1365	11.6875	13.6273


15.0524	6.59983	6.73476
15.048	6.46428	6.58777


14.1568	7.9236	9.3222
14.171	7.76615	9.44469


5.56377	19.3066	18.642
5.51264	19.3928	18.8151


6.82258	18.598	9.71314
6.79396	18.6592	9.52488


12.7581	18.4134	11.2367
12.7947	18.4634	11.0465


14.5553	7.66919	8.95487
14.7134	7.7372	9.0567


14.0463	8.44479	14.8422
14.1869	8.33909	14.9373


5.51264	19.3928	18.8151
5.61513	19.5144	18.9363


14.1869	8.33909	14.9373
14.1781	8.23808	15.1097


6.70382	18.2992	16.5912
6.87701	18.3816	16.6478


6.49703	11.4836	12.872
6.57273	11.3855	13.029


4.5478	11.6475	17.0174
4.42127	11.7695	16.9219


15.048	6.46428	6.58777
15.0982	6.34962	6.43178


5.29549	10.1539	11.6772
5.16355	10.0536	11.7891


15.0982	6.34962	6.43178
15.2943	6.3188	6.40761


13.9433	18.7035	14.4781
14.1082	18.6624	14.5835


15.2943	6.3188	6.40761
15.4437	6.22806	6.31034


15.4437	6.22806	6.31034
15.5352	6.25342	6.13434


14.1781	8.23808	15.1097
14.0054	8.22576	15.2099


13.1323	18.8907	15.0646
13.2199	18.9754	15.2231


15.5352	6.25342	6.13434
15.4748	6.11205	6.0064


14.0054	8.22576	15.2099
13.9939	8.0599	15.3211


14.7929	7.62401	7.52679
14.9206	7.76015	7.45497


13.9939	8.0599	15.3211
13.9054	8.03858	15.4992


12.7947	18.4634	11.0465
12.9366	18.4592	10.9057


2	21	20
2.15464	21.0426	20.1194


14.1082	18.6624	14.5835
14.2316	18.7313	14.7251


14.2316	18.7313	14.7251
14.3052	18.7083	14.9096


14.3052	18.7083	14.9096
14.5044	18.7154	14.9256


11.9291	18.2641	12.195
11.9059	18.4596	12.1594


5.16575	10.2788	10.7041
5.14847	10.2451	10.5077


13.9054	8.03858	15.4992
13.867	8.07534	15.692


4.16772	10.7643	17.153
4.20298	10.569	17.1781


14.9206	7.76015	7.45497
15.0158	7.93262	7.48975


14.1869	8.33909	14.9373
14.3578	8.25336	14.8788


12.9366	18.4592	10.9057
13.0275	18.5032	10.733


6.82258	18.598	9.71314
6.63826	18.6497	9.77106


15.4437	6.22806	6.31034
15.4474	6.04219	6.38407


15.4748	6.11205	6.0064
15.4879	6.00625	5.83717


13.0275	18.5032	10.733
13.1967	18.55	10.6372


11.5472	10.3823	12.4899
11.4342	10.2349	12.4158


15.4879	6.00625	5.83717
15.418	5.86219	5.71731


14.3578	8.25336	14.8788
14.502	8.34792	14.9802


13.1967	18.55	10.6372
13.3775	18.4954	10.703


14.7134	7.7372	9.0567
14.9027	7.77915	9.10599


15.418	5.86219	5.71731
15.3482	5.71812	5.59745


5.61513	19.5144	18.9363
5.81341	19.5358	18.9514


14.4009	6.78702	6.93739
14.2524	6.85338	6.821


13.9939	8.0599	15.3211
13.9414	7.87314	15.2724


5.14847	10.2451	10.5077
5.17116	10.0756	10.4039


14.502	8.34792	14.9802
14.6593	8.24534	15.049


12.855	9.85072	11.2862
12.972	9.96292	11.169


14.5044	18.7154	14.9256
14.6959	18.7645	14.8953


2.21791	20.6818	19.1867
2.15087	20.6775	18.9983


6.79396	18.6592	9.52488
6.66704	18.7626	9.41007


14.6959	18.7645	14.8953
14.8007	18.8971	14.7883


13.867	8.07534	15.692
13.8519	7.91374	15.8088


6.66704	18.7626	9.41007
6.70898	18.8204	9.22323


5.17116	10.0756	10.4039
5.21328	10.0333	10.213


13.3775	18.4954	10.703
13.5743	18.4602	10.6986


15.4879	6.00625	5.83717
15.6146	6.10272	5.71624


15.6146	6.10272	5.71624
15.668	6.1312	5.52559


13.2067	8.91871	10.8611
13.3443	9.06055	10.8922


13.1967	18.55	10.6372
13.1477	18.6311	10.4611


5.58299	13.0376	16.0549
5.69588	12.9824	15.8993


5.21328	10.0333	10.213
5.13437	10.0365	10.0292


13.5743	18.4602	10.6986
13.7523	18.409	10.6232


13.1477	18.6311	10.4611
13.1711	18.8293	10.4485


6.70898	18.8204	9.22323
6.76505	18.8308	9.03154


14.9027	7.77915	9.10599
15.0982	7.75775	9.14233


15.3482	5.71812	5.59745
15.2783	5.57405	5.4776


13.9414	7.87314	15.2724
14.0187	7.69846	15.2131


15.4474	6.04219	6.38407
15.5775	5.9353	6.49204


12.972	9.96292	11.169
13.1232	10.0821	11.1149


13.8519	7.91374	15.8088
13.9923	7.90863	15.9512


4.20298	10.569	17.1781
4.23469	10.3723	17.1607


14.6593	8.24534	15.049
14.8152	8.12122	15.0323


4.23469	10.3723	17.1607
4.2791	10.2215	17.2842


15.2783	5.57405	5.4776
15.2085	5.42999	5.35774


7.19182	18.4934	10.268
7.24126	18.6778	10.3276


13.9923	7.90863	15.9512
13.982	7.74198	16.0613


15.2085	5.42999	5.35774
15.1386	5.28592	5.23788


9.94397	12.2365	14.2369
9.82539	12.2381	14.398


15.1386	5.28592	5.23788
15.0688	5.14185	5.11802


15.0688	5.14185	5.11802
15	5	5


